596 607 127
597 608 128
598 609 129
599 610 130
600 610 130
601 611 131
602 612 132
603 612 132
604 613 133
605 613 133
606 614 134
607 614 134
608 615 135
609 615 135
610 616 136
611 616 136
612 617 137
613 617 137
614 618 138
615 618 138
616 619 139
617 619 139
618 619 139
619 620 140
620 620 140
621 620 140
622 620 140
623 621 141
624 621 141
625 622 142
626 622 142
627 622 142
628 623 143
629 623 143
630 623 143
631 624 144
632 624 144
633 624 144
634 624 144
635 625 145
636 625 145
637 625 145
638 625 145
639 625 145
640 626 146
641 626 146
642 626 146
643 627 147
644 627 147
645 627 147
646 627 147
647 628 148
648 627 147
649 627 147
650 628 148
651 628 148
652 628 148
653 628 148
654 628 148
655 629 149
656 629 149
657 629 149
658 629 149
659 629 149
660 629 149
661 629 149
662 629 149
663 630 150
664 630 150
665 630 150
666 630 150
667 630 150
668 630 150
669 631 151
670 631 151
671 630 150
672 631 151
673 631 151
674 631 151
675 630 150
676 630 150
677 631 151
678 630 150
679 631 151
680 631 151
681 631 151
682 631 151
683 631 151
684 631 151
685 631 151
686 631 151
687 632 152
688 632 152
689 632 152
690 632 152
691 632 152
692 632 152
693 632 152
694 632 152
695 631 151
696 631 151
697 631 151
698 632 152
699 632 152
700 632 152
701 632 152
702 632 152
703 632 152
704 632 152
705 632 152
706 632 152
707 632 152
708 632 152
709 632 152
710 632 152
711 632 152
712 632 152
713 632 152
714 632 152
715 632 152
716 632 152
717 632 152
718 632 152
719 632 152
720 631 151
721 631 151
722 632 152
723 632 152
724 632 152
725 632 152
726 632 152
727 632 152
728 631 151
729 631 151
730 631 151
731 631 151
732 631 151
733 631 151
734 631 151
735 631 151
736 631 151
737 631 151
738 630 150
739 630 150
740 630 150
741 630 150
742 630 150
743 630 150
744 631 151
745 631 151
746 631 151
747 630 150
748 631 151
749 630 150
750 630 150
751 630 150
752 630 150
753 630 150
754 630 150
755 630 150
756 630 150
757 630 150
758 630 150
759 631 151
760 631 151
761 631 151
762 631 151
763 631 151
764 630 150
765 630 150
766 630 150
767 631 151
768 631 151
769 631 151
770 630 150
771 631 151
772 631 151
773 630 150
774 630 150
775 630 150
776 630 150
777 631 151
778 630 150
779 630 150
780 630 150
781 631 151
782 631 151
783 631 151
784 631 151
785 631 151
786 631 151
787 631 151
788 630 150
789 630 150
790 630 150
791 630 150
792 630 150
793 630 150
794 630 150
795 630 150
796 630 150
797 630 150
798 630 150
799 630 150
800 630 150
801 629 149
802 629 149
803 630 150
804 630 150
805 630 150
806 630 150
807 630 150
808 630 150
809 631 151
810 630 150
811 630 150
812 631 151
813 630 150
814 630 150
815 630 150
816 630 150
817 630 150
818 630 150
819 629 149
820 629 149
821 629 149
822 629 149
823 629 149
824 629 149
825 629 149
826 629 149
827 629 149
828 629 149
829 629 149
830 629 149
831 629 149
832 629 149
833 629 149
834 628 148
835 628 148
836 628 148
837 628 148
838 629 149
839 629 149
840 627 147
841 620 140
842 617 137
843 617 137
844 619 139
845 623 143
846 627 147
847 626 146
848 625 145
849 623 143
850 623 143
851 625 145
852 624 144
853 624 144
854 626 146
855 627 147
856 627 147
857 626 146
858 626 146
859 625 145
860 624 144
861 624 144
862 622 142
863 621 141
864 620 140
865 620 140
866 623 143
867 629 149
868 630 150
869 625 145
870 618 138
871 619 139
872 621 141
873 621 141
874 620 140
875 619 139
876 619 139
877 618 138
878 618 138
879 616 136
880 618 138
881 619 139
882 619 139
883 619 139
884 618 138
885 618 138
886 618 138
887 617 137
888 617 137
889 617 137
890 617 137
891 617 137
892 617 137
893 618 138
894 615 135
895 615 135
896 616 136
897 617 137
898 613 133
899 612 132
900 612 132
901 612 132
902 612 132
903 613 133
904 612 132
905 613 133
906 614 134
907 616 136
908 616 136
909 616 136
910 616 136
911 616 136
912 615 135
913 615 135
914 616 136
915 616 136
916 615 135
917 615 135
918 615 135
919 616 136
920 616 136
921 616 136
922 616 136
923 616 136
924 616 136
925 617 137
926 616 136
927 615 135
928 614 134
929 614 134
930 614 134
931 615 135
932 617 137
933 618 138
934 618 138
935 618 138
936 618 138
937 618 138
938 619 139
939 619 139
940 620 140
941 620 140
942 620 140
943 620 140
944 620 140
945 620 140
946 620 140
947 621 141
948 621 141
949 622 142
950 621 141
951 621 141
952 622 142
953 622 142
954 622 142
955 623 143
956 623 143
957 624 144
958 623 143
959 623 143
960 623 143
961 617 137
962 612 132
963 608 128
964 609 129
965 615 135
966 609 129
967 610 130
968 612 132
969 624 144
970 624 144
971 625 145
972 625 145
973 625 145
974 624 144
975 624 144
976 624 144
977 625 145
978 624 144
979 624 144
980 625 145
981 625 145
982 625 145
983 622 142
984 618 138
985 618 138
986 623 143
987 624 144
988 624 144
989 625 145
990 625 145
991 625 145
992 626 146
993 626 146
994 625 145
995 626 146
996 625 145
997 624 144
998 622 142
999 622 142
1000 622 142
1001 625 145
1002 622 142
1003 621 141
1004 621 141
1005 622 142
1006 625 145
1007 625 145
1008 623 143
1009 620 140
1010 620 140
1011 620 140
1012 620 140
1013 619 139
1014 618 138
1015 618 138
1016 618 138
1017 618 138
1018 618 138
1019 619 139
1020 623 143
1021 625 145
1022 625 145
1023 625 145
1024 625 145
1025 625 145
1026 625 145
1027 624 144
1028 624 144
1029 624 144
1030 625 145
1031 625 145
1032 625 145
1033 624 144
1034 623 143
1035 624 144
1036 623 143
1037 623 143
1038 623 143
1039 623 143
1040 623 143
1041 623 143
1042 622 142
1043 621 141
1044 621 141
1045 620 140
1046 619 139
1047 618 138
1048 619 139
1049 619 139
1050 619 139
1051 619 139
1052 619 139
1053 618 138
1054 618 138
1055 617 137
1056 615 135
1057 615 135
1058 616 136
1059 615 135
1060 616 136
1061 616 136
1062 614 134
1063 615 135
1064 616 136
1065 617 137
1066 619 139
1067 619 139
1068 618 138
1069 617 137
1070 616 136
1071 617 137
1072 617 137
1073 617 137
1074 617 137
1075 617 137
1076 617 137
1077 617 137
1078 617 137
1079 616 136
1080 617 137
1081 619 139
1082 619 139
1083 618 138
1084 618 138
1085 618 138
1086 618 138
1087 619 139
1088 620 140
1089 620 140
1090 619 139
1091 618 138
1092 617 137
1093 618 138
1094 618 138
1095 618 138
1096 618 138
1097 618 138
1098 619 139
1099 619 139
1100 620 140
1101 621 141
1102 620 140
1103 619 139
1104 619 139
1105 619 139
1106 620 140
1107 620 140
1108 621 141
1109 621 141
1110 622 142
1111 622 142
1112 623 143
1113 625 145
1114 624 144
1115 623 143
1116 623 143
1117 623 143
1118 623 143
1119 623 143
1120 623 143
1121 622 142
1122 622 142
1123 622 142
1124 625 145
1125 621 141
1126 622 142
1127 623 143
1128 621 141
1129 623 143
1130 626 146
1131 627 147
1132 627 147
1133 627 147
1134 626 146
1135 626 146
1136 627 147
1137 627 147
1138 627 147
1139 627 147
1140 628 148
1141 628 148
1142 628 148
1143 628 148
1144 628 148
1145 628 148
1146 628 148
1147 627 147
1148 627 147
1149 627 147
1150 627 147
1151 627 147
1152 627 147
1153 627 147
1154 627 147
1155 627 147
1156 628 148
1157 628 148
1158 628 148
1159 628 148
1160 628 148
1161 628 148
1162 628 148
1163 628 148
1164 629 149
1165 629 149
1166 629 149
1167 628 148
1168 629 149
1169 629 149
1170 629 149
1171 629 149
1172 629 149
1173 629 149
1174 629 149
1175 628 148
1176 628 148
1177 629 149
1178 628 148
1179 629 149
1180 629 149
1181 629 149
1182 629 149
1183 629 149
1184 628 148
1185 628 148
1186 629 149
1187 629 149
1188 629 149
1189 629 149
1190 629 149
1191 629 149
1192 629 149
1193 628 148
1194 629 149
1195 629 149
1196 628 148
1197 628 148
1198 629 149
1199 629 149
1200 628 148
1201 629 149
1202 629 149
1203 629 149
1204 629 149
1205 629 149
1206 629 149
1207 629 149
1208 628 148
1209 627 147
1210 627 147
1211 627 147
1212 627 147
1213 628 148
1214 628 148
1215 629 149
1216 628 148
1217 628 148
1218 628 148
1219 628 148
1220 628 148
1221 628 148
1222 628 148
1223 628 148
1224 628 148
1225 628 148
1226 628 148
1227 628 148
1228 628 148
1229 628 148
1230 627 147
1231 628 148
1232 628 148
1233 628 148
1234 628 148
1235 628 148
1236 628 148
1237 628 148
1238 628 148
1239 628 148
1240 628 148
1241 628 148
1242 628 148
1243 628 148
1244 628 148
1245 628 148
1246 627 147
1247 627 147
1248 628 148
1249 627 147
1250 627 147
1251 627 147
1252 627 147
1253 627 147
1254 627 147
1255 627 147
1256 627 147
1257 627 147
1258 627 147
1259 626 146
1260 626 146
1261 626 146
1262 626 146
1263 626 146
1264 626 146
1265 626 146
1266 626 146
1267 626 146
1268 626 146
1269 626 146
1270 626 146
1271 625 145
1272 625 145
1273 625 145
1274 625 145
1275 625 145
1276 625 145
1277 625 145
1278 625 145
1279 625 145
1280 625 145
1281 625 145
1282 625 145
1283 625 145
1284 625 145
1285 624 144
1286 624 144
1287 624 144
1288 624 144
1289 624 144
1290 624 144
1291 624 144
1292 624 144
1293 623 143
1294 623 143
1295 623 143
1296 623 143
1297 623 143
1298 623 143
1299 622 142
1300 622 142
1301 622 142
1302 622 142
1303 622 142
1304 622 142
1305 622 142
1306 622 142
1307 622 142
1308 622 142
1309 622 142
1310 622 142
1311 621 141
1312 621 141
1313 621 141
1314 621 141
1315 621 141
1316 621 141
1317 621 141
1318 620 140
1319 620 140
1320 620 140
1321 619 139
1322 619 139
1323 619 139
1324 619 139
1325 619 139
1326 619 139
1327 618 138
1328 618 138
1329 618 138
1330 618 138
1331 618 138
1332 618 138
1333 618 138
1334 617 137
1335 617 137
1336 617 137
1337 616 136
1338 616 136
1339 616 136
1340 616 136
1341 616 136
1342 616 136
1343 616 136
1344 615 135
1345 615 135
1346 615 135
1347 615 135
1348 615 135
1349 615 135
1350 614 134
1351 614 134
1352 614 134
1353 613 133
1354 613 133
1355 613 133
1356 612 132
1357 612 132
1358 612 132
1359 612 132
1360 612 132
1361 612 132
1362 611 131
1363 611 131
1364 611 131
1365 611 131
1366 610 130
1367 610 130
1368 610 130
1369 609 129
1370 609 129
1371 609 129
1372 609 129
1373 608 128
1374 608 128
1375 608 128
1376 607 127
1377 607 127
1378 607 127
1379 606 126
1380 606 126
1381 606 126
1382 605 125
1383 605 125
1384 604 124
1385 604 124
1386 604 124
1387 603 123
1388 603 123
1389 602 122
1390 602 122
1391 601 121
1392 601 121
1393 600 120
1394 600 120
1395 600 120
1396 599 119
1397 598 118
1398 598 118
1399 597 117
1400 597 117
1401 596 116
1402 595 115
1403 594 114
1404 593 113
1405 593 113
1406 593 113
596 1218 129
597 1218 129
598 1220 130
599 1222 131
600 1222 131
601 1224 132
602 1224 132
603 1226 133
604 1228 134
605 1228 134
606 1230 135
607 1230 135
608 1232 136
609 1232 136
610 1234 137
611 1234 137
612 1234 137
613 1236 138
614 1236 138
615 1238 139
616 1238 139
617 1240 140
618 1240 140
619 1240 140
620 1242 141
621 1242 141
622 1242 141
623 1244 142
624 1244 142
625 1244 142
626 1246 143
627 1244 142
628 1246 143
629 1246 143
630 1248 144
631 1248 144
632 1248 144
633 1248 144
634 1248 144
635 1250 145
636 1250 145
637 1250 145
638 1252 146
639 1252 146
640 1252 146
641 1254 147
642 1254 147
643 1254 147
644 1254 147
645 1254 147
646 1256 148
647 1256 148
648 1256 148
649 1256 148
650 1256 148
651 1256 148
652 1258 149
653 1258 149
654 1258 149
655 1258 149
656 1258 149
657 1258 149
658 1258 149
659 1260 150
660 1258 149
661 1260 150
662 1260 150
663 1260 150
664 1260 150
665 1260 150
666 1260 150
667 1260 150
668 1260 150
669 1260 150
670 1260 150
671 1260 150
672 1260 150
673 1260 150
674 1262 151
675 1262 151
676 1262 151
677 1262 151
678 1262 151
679 1262 151
680 1262 151
681 1262 151
682 1262 151
683 1262 151
684 1262 151
685 1262 151
686 1262 151
687 1262 151
688 1262 151
689 1262 151
690 1262 151
691 1262 151
692 1262 151
693 1262 151
694 1262 151
695 1262 151
696 1262 151
697 1262 151
698 1262 151
699 1262 151
700 1262 151
701 1262 151
702 1262 151
703 1262 151
704 1262 151
705 1262 151
706 1262 151
707 1262 151
708 1262 151
709 1262 151
710 1262 151
711 1262 151
712 1262 151
713 1262 151
714 1262 151
715 1264 152
716 1264 152
717 1264 152
718 1262 151
719 1262 151
720 1262 151
721 1262 151
722 1262 151
723 1262 151
724 1262 151
725 1262 151
726 1262 151
727 1262 151
728 1262 151
729 1262 151
730 1262 151
731 1262 151
732 1262 151
733 1262 151
734 1262 151
735 1264 152
736 1264 152
737 1262 151
738 1262 151
739 1262 151
740 1262 151
741 1262 151
742 1262 151
743 1262 151
744 1262 151
745 1262 151
746 1262 151
747 1262 151
748 1262 151
749 1262 151
750 1260 150
751 1260 150
752 1260 150
753 1262 151
754 1260 150
755 1260 150
756 1260 150
757 1260 150
758 1260 150
759 1260 150
760 1260 150
761 1260 150
762 1260 150
763 1260 150
764 1260 150
765 1260 150
766 1260 150
767 1260 150
768 1260 150
769 1258 149
770 1258 149
771 1256 148
772 1256 148
773 1256 148
774 1256 148
775 1258 149
776 1258 149
777 1260 150
778 1260 150
779 1258 149
780 1260 150
781 1260 150
782 1260 150
783 1260 150
784 1260 150
785 1260 150
786 1260 150
787 1260 150
788 1260 150
789 1260 150
790 1260 150
791 1262 151
792 1262 151
793 1262 151
794 1260 150
795 1260 150
796 1262 151
797 1262 151
798 1262 151
799 1260 150
800 1260 150
801 1260 150
802 1260 150
803 1260 150
804 1260 150
805 1258 149
806 1260 150
807 1260 150
808 1260 150
809 1260 150
810 1258 149
811 1258 149
812 1258 149
813 1258 149
814 1258 149
815 1258 149
816 1258 149
817 1258 149
818 1258 149
819 1258 149
820 1258 149
821 1256 148
822 1256 148
823 1258 149
824 1258 149
825 1258 149
826 1256 148
827 1256 148
828 1258 149
829 1256 148
830 1254 147
831 1254 147
832 1254 147
833 1256 148
834 1256 148
835 1254 147
836 1254 147
837 1254 147
838 1256 148
839 1256 148
840 1256 148
841 1256 148
842 1256 148
843 1256 148
844 1258 149
845 1258 149
846 1256 148
847 1252 146
848 1250 145
849 1248 144
850 1248 144
851 1248 144
852 1248 144
853 1250 145
854 1250 145
855 1250 145
856 1248 144
857 1250 145
858 1250 145
859 1250 145
860 1246 143
861 1244 142
862 1242 141
863 1242 141
864 1242 141
865 1244 142
866 1246 143
867 1248 144
868 1246 143
869 1246 143
870 1244 142
871 1244 142
872 1246 143
873 1246 143
874 1248 144
875 1250 145
876 1250 145
877 1248 144
878 1248 144
879 1248 144
880 1248 144
881 1248 144
882 1246 143
883 1248 144
884 1248 144
885 1246 143
886 1246 143
887 1248 144
888 1248 144
889 1250 145
890 1250 145
891 1250 145
892 1248 144
893 1248 144
894 1246 143
895 1246 143
896 1246 143
897 1250 145
898 1250 145
899 1248 144
900 1246 143
901 1246 143
902 1246 143
903 1244 142
904 1244 142
905 1244 142
906 1246 143
907 1250 145
908 1248 144
909 1250 145
910 1250 145
911 1248 144
912 1246 143
913 1246 143
914 1244 142
915 1246 143
916 1246 143
917 1246 143
918 1244 142
919 1244 142
920 1244 142
921 1244 142
922 1244 142
923 1246 143
924 1244 142
925 1236 138
926 1234 137
927 1236 138
928 1240 140
929 1246 143
930 1246 143
931 1248 144
932 1248 144
933 1246 143
934 1248 144
935 1248 144
936 1248 144
937 1248 144
938 1240 140
939 1242 141
940 1238 139
941 1236 138
942 1232 136
943 1230 135
944 1228 134
945 1230 135
946 1234 137
947 1240 140
948 1248 144
949 1250 145
950 1250 145
951 1250 145
952 1248 144
953 1248 144
954 1252 146
955 1252 146
956 1252 146
957 1252 146
958 1252 146
959 1250 145
960 1252 146
961 1252 146
962 1252 146
963 1252 146
964 1252 146
965 1250 145
966 1252 146
967 1250 145
968 1244 142
969 1242 141
970 1246 143
971 1246 143
972 1250 145
973 1250 145
974 1250 145
975 1250 145
976 1252 146
977 1250 145
978 1250 145
979 1248 144
980 1248 144
981 1248 144
982 1252 146
983 1254 147
984 1254 147
985 1254 147
986 1252 146
987 1250 145
988 1250 145
989 1248 144
990 1252 146
991 1254 147
992 1254 147
993 1250 145
994 1244 142
995 1240 140
996 1234 137
997 1230 135
998 1226 133
999 1222 131
1000 1230 135
1001 1238 139
1002 1252 146
1003 1250 145
1004 1246 143
1005 1244 142
1006 1248 144
1007 1248 144
1008 1250 145
1009 1250 145
1010 1250 145
1011 1250 145
1012 1250 145
1013 1248 144
1014 1248 144
1015 1248 144
1016 1250 145
1017 1250 145
1018 1250 145
1019 1246 143
1020 1246 143
1021 1250 145
1022 1250 145
1023 1250 145
1024 1248 144
1025 1248 144
1026 1248 144
1027 1248 144
1028 1250 145
1029 1252 146
1030 1252 146
1031 1252 146
1032 1252 146
1033 1252 146
1034 1250 145
1035 1244 142
1036 1244 142
1037 1250 145
1038 1248 144
1039 1250 145
1040 1250 145
1041 1250 145
1042 1250 145
1043 1250 145
1044 1250 145
1045 1248 144
1046 1246 143
1047 1248 144
1048 1248 144
1049 1248 144
1050 1248 144
1051 1244 142
1052 1244 142
1053 1244 142
1054 1244 142
1055 1246 143
1056 1248 144
1057 1248 144
1058 1248 144
1059 1246 143
1060 1248 144
1061 1248 144
1062 1252 146
1063 1248 144
1064 1246 143
1065 1246 143
1066 1246 143
1067 1246 143
1068 1246 143
1069 1244 142
1070 1244 142
1071 1244 142
1072 1244 142
1073 1244 142
1074 1242 141
1075 1242 141
1076 1242 141
1077 1242 141
1078 1242 141
1079 1242 141
1080 1242 141
1081 1244 142
1082 1244 142
1083 1244 142
1084 1246 143
1085 1246 143
1086 1248 144
1087 1248 144
1088 1248 144
1089 1250 145
1090 1246 143
1091 1246 143
1092 1248 144
1093 1248 144
1094 1248 144
1095 1250 145
1096 1250 145
1097 1250 145
1098 1248 144
1099 1248 144
1100 1248 144
1101 1248 144
1102 1248 144
1103 1248 144
1104 1246 143
1105 1246 143
1106 1246 143
1107 1246 143
1108 1250 145
1109 1250 145
1110 1248 144
1111 1248 144
1112 1250 145
1113 1250 145
1114 1250 145
1115 1248 144
1116 1250 145
1117 1250 145
1118 1250 145
1119 1248 144
1120 1246 143
1121 1246 143
1122 1246 143
1123 1246 143
1124 1246 143
1125 1246 143
1126 1246 143
1127 1244 142
1128 1244 142
1129 1246 143
1130 1246 143
1131 1248 144
1132 1250 145
1133 1254 147
1134 1254 147
1135 1254 147
1136 1254 147
1137 1254 147
1138 1256 148
1139 1256 148
1140 1256 148
1141 1256 148
1142 1254 147
1143 1256 148
1144 1256 148
1145 1256 148
1146 1254 147
1147 1254 147
1148 1254 147
1149 1254 147
1150 1254 147
1151 1254 147
1152 1256 148
1153 1256 148
1154 1256 148
1155 1256 148
1156 1256 148
1157 1256 148
1158 1256 148
1159 1256 148
1160 1254 147
1161 1254 147
1162 1256 148
1163 1258 149
1164 1258 149
1165 1258 149
1166 1256 148
1167 1256 148
1168 1256 148
1169 1256 148
1170 1256 148
1171 1256 148
1172 1256 148
1173 1256 148
1174 1256 148
1175 1258 149
1176 1258 149
1177 1258 149
1178 1256 148
1179 1258 149
1180 1258 149
1181 1258 149
1182 1258 149
1183 1258 149
1184 1258 149
1185 1258 149
1186 1258 149
1187 1258 149
1188 1258 149
1189 1258 149
1190 1258 149
1191 1258 149
1192 1258 149
1193 1258 149
1194 1258 149
1195 1258 149
1196 1258 149
1197 1258 149
1198 1258 149
1199 1258 149
1200 1258 149
1201 1258 149
1202 1258 149
1203 1258 149
1204 1258 149
1205 1258 149
1206 1256 148
1207 1256 148
1208 1256 148
1209 1258 149
1210 1258 149
1211 1256 148
1212 1254 147
1213 1256 148
1214 1258 149
1215 1258 149
1216 1258 149
1217 1258 149
1218 1258 149
1219 1256 148
1220 1256 148
1221 1258 149
1222 1256 148
1223 1256 148
1224 1256 148
1225 1258 149
1226 1258 149
1227 1258 149
1228 1258 149
1229 1258 149
1230 1258 149
1231 1258 149
1232 1256 148
1233 1256 148
1234 1256 148
1235 1258 149
1236 1256 148
1237 1256 148
1238 1256 148
1239 1256 148
1240 1256 148
1241 1256 148
1242 1254 147
1243 1254 147
1244 1256 148
1245 1256 148
1246 1254 147
1247 1256 148
1248 1256 148
1249 1256 148
1250 1256 148
1251 1256 148
1252 1254 147
1253 1254 147
1254 1254 147
1255 1254 147
1256 1254 147
1257 1254 147
1258 1254 147
1259 1254 147
1260 1254 147
1261 1254 147
1262 1254 147
1263 1252 146
1264 1252 146
1265 1252 146
1266 1252 146
1267 1252 146
1268 1252 146
1269 1252 146
1270 1252 146
1271 1252 146
1272 1252 146
1273 1252 146
1274 1252 146
1275 1252 146
1276 1252 146
1277 1252 146
1278 1252 146
1279 1250 145
1280 1250 145
1281 1250 145
1282 1250 145
1283 1250 145
1284 1250 145
1285 1250 145
1286 1250 145
1287 1248 144
1288 1248 144
1289 1248 144
1290 1246 143
1291 1246 143
1292 1246 143
1293 1246 143
1294 1246 143
1295 1246 143
1296 1246 143
1297 1246 143
1298 1246 143
1299 1246 143
1300 1246 143
1301 1246 143
1302 1246 143
1303 1246 143
1304 1246 143
1305 1246 143
1306 1246 143
1307 1246 143
1308 1244 142
1309 1244 142
1310 1244 142
1311 1244 142
1312 1244 142
1313 1242 141
1314 1242 141
1315 1242 141
1316 1242 141
1317 1242 141
1318 1240 140
1319 1240 140
1320 1240 140
1321 1240 140
1322 1240 140
1323 1240 140
1324 1238 139
1325 1238 139
1326 1238 139
1327 1238 139
1328 1238 139
1329 1238 139
1330 1238 139
1331 1236 138
1332 1236 138
1333 1236 138
1334 1236 138
1335 1236 138
1336 1236 138
1337 1236 138
1338 1234 137
1339 1234 137
1340 1234 137
1341 1234 137
1342 1232 136
1343 1232 136
1344 1232 136
1345 1232 136
1346 1230 135
1347 1230 135
1348 1230 135
1349 1230 135
1350 1228 134
1351 1228 134
1352 1228 134
1353 1228 134
1354 1228 134
1355 1228 134
1356 1226 133
1357 1226 133
1358 1226 133
1359 1224 132
1360 1224 132
1361 1224 132
1362 1224 132
1363 1222 131
1364 1222 131
1365 1222 131
1366 1222 131
1367 1220 130
1368 1220 130
1369 1220 130
1370 1220 130
1371 1218 129
1372 1218 129
1373 1218 129
1374 1216 128
1375 1216 128
1376 1216 128
1377 1214 127
1378 1214 127
1379 1214 127
1380 1212 126
1381 1212 126
1382 1210 125
1383 1210 125
1384 1210 125
1385 1208 124
1386 1208 124
1387 1206 123
1388 1206 123
1389 1204 122
1390 1204 122
1391 1204 122
1392 1202 121
1393 1202 121
1394 1200 120
1395 1200 120
1396 1198 119
1397 1198 119
1398 1196 118
1399 1196 118
1400 1194 117
1401 1192 116
1402 1190 115
1403 1188 114
1404 1186 113
1405 1186 113
1406 1184 112
595 1818 126
596 1821 127
597 1827 129
598 1827 129
599 1830 130
600 1833 131
601 1836 132
602 1836 132
603 1839 133
604 1842 134
605 1842 134
606 1845 135
607 1845 135
608 1848 136
609 1848 136
610 1851 137
611 1851 137
612 1851 137
613 1851 137
614 1854 138
615 1857 139
616 1857 139
617 1860 140
618 1860 140
619 1860 140
620 1863 141
621 1863 141
622 1863 141
623 1863 141
624 1866 142
625 1866 142
626 1866 142
627 1869 143
628 1869 143
629 1872 144
630 1872 144
631 1872 144
632 1872 144
633 1875 145
634 1875 145
635 1875 145
636 1875 145
637 1878 146
638 1878 146
639 1878 146
640 1878 146
641 1881 147
642 1881 147
643 1881 147
644 1881 147
645 1881 147
646 1884 148
647 1881 147
648 1881 147
649 1881 147
650 1884 148
651 1884 148
652 1884 148
653 1887 149
654 1887 149
655 1887 149
656 1887 149
657 1887 149
658 1887 149
659 1887 149
660 1890 150
661 1890 150
662 1890 150
663 1890 150
664 1890 150
665 1890 150
666 1893 151
667 1893 151
668 1893 151
669 1893 151
670 1893 151
671 1893 151
672 1893 151
673 1893 151
674 1893 151
675 1893 151
676 1893 151
677 1893 151
678 1893 151
679 1893 151
680 1893 151
681 1890 150
682 1893 151
683 1893 151
684 1893 151
685 1893 151
686 1893 151
687 1893 151
688 1893 151
689 1893 151
690 1896 152
691 1893 151
692 1893 151
693 1896 152
694 1893 151
695 1893 151
696 1893 151
697 1893 151
698 1893 151
699 1893 151
700 1893 151
701 1896 152
702 1893 151
703 1896 152
704 1896 152
705 1896 152
706 1896 152
707 1893 151
708 1893 151
709 1893 151
710 1893 151
711 1893 151
712 1893 151
713 1893 151
714 1893 151
715 1893 151
716 1893 151
717 1893 151
718 1890 150
719 1893 151
720 1893 151
721 1893 151
722 1893 151
723 1893 151
724 1893 151
725 1893 151
726 1893 151
727 1893 151
728 1893 151
729 1893 151
730 1893 151
731 1893 151
732 1893 151
733 1893 151
734 1893 151
735 1893 151
736 1893 151
737 1893 151
738 1890 150
739 1887 149
740 1890 150
741 1887 149
742 1890 150
743 1890 150
744 1890 150
745 1887 149
746 1887 149
747 1887 149
748 1887 149
749 1890 150
750 1890 150
751 1887 149
752 1887 149
753 1890 150
754 1890 150
755 1890 150
756 1890 150
757 1890 150
758 1890 150
759 1890 150
760 1890 150
761 1890 150
762 1890 150
763 1890 150
764 1890 150
765 1890 150
766 1890 150
767 1893 151
768 1890 150
769 1890 150
770 1890 150
771 1890 150
772 1887 149
773 1887 149
774 1887 149
775 1887 149
776 1890 150
777 1887 149
778 1887 149
779 1887 149
780 1890 150
781 1890 150
782 1890 150
783 1890 150
784 1890 150
785 1890 150
786 1887 149
787 1887 149
788 1887 149
789 1887 149
790 1887 149
791 1890 150
792 1887 149
793 1890 150
794 1890 150
795 1890 150
796 1887 149
797 1887 149
798 1884 148
799 1887 149
800 1887 149
801 1884 148
802 1881 147
803 1884 148
804 1884 148
805 1884 148
806 1884 148
807 1884 148
808 1884 148
809 1884 148
810 1884 148
811 1884 148
812 1884 148
813 1884 148
814 1875 145
815 1869 143
816 1872 144
817 1878 146
818 1878 146
819 1875 145
820 1881 147
821 1884 148
822 1881 147
823 1878 146
824 1872 144
825 1872 144
826 1875 145
827 1875 145
828 1872 144
829 1869 143
830 1875 145
831 1878 146
832 1881 147
833 1881 147
834 1881 147
835 1881 147
836 1875 145
837 1881 147
838 1887 149
839 1884 148
840 1881 147
841 1875 145
842 1875 145
843 1875 145
844 1875 145
845 1875 145
846 1872 144
847 1875 145
848 1875 145
849 1875 145
850 1875 145
851 1875 145
852 1869 143
853 1866 142
854 1863 141
855 1872 144
856 1872 144
857 1869 143
858 1875 145
859 1875 145
860 1875 145
861 1869 143
862 1863 141
863 1866 142
864 1866 142
865 1866 142
866 1863 141
867 1869 143
868 1869 143
869 1875 145
870 1869 143
871 1869 143
872 1872 144
873 1872 144
874 1872 144
875 1872 144
876 1872 144
877 1872 144
878 1869 143
879 1869 143
880 1872 144
881 1872 144
882 1869 143
883 1869 143
884 1869 143
885 1872 144
886 1875 145
887 1875 145
888 1872 144
889 1866 142
890 1863 141
891 1863 141
892 1866 142
893 1869 143
894 1866 142
895 1866 142
896 1869 143
897 1866 142
898 1863 141
899 1854 138
900 1863 141
901 1866 142
902 1863 141
903 1857 139
904 1857 139
905 1860 140
906 1857 139
907 1854 138
908 1857 139
909 1860 140
910 1863 141
911 1869 143
912 1872 144
913 1869 143
914 1866 142
915 1860 140
916 1857 139
917 1854 138
918 1854 138
919 1863 141
920 1872 144
921 1866 142
922 1869 143
923 1866 142
924 1863 141
925 1860 140
926 1860 140
927 1869 143
928 1872 144
929 1863 141
930 1860 140
931 1860 140
932 1863 141
933 1863 141
934 1860 140
935 1857 139
936 1854 138
937 1854 138
938 1860 140
939 1857 139
940 1854 138
941 1854 138
942 1857 139
943 1857 139
944 1857 139
945 1863 141
946 1863 141
947 1863 141
948 1857 139
949 1854 138
950 1851 137
951 1848 136
952 1854 138
953 1860 140
954 1854 138
955 1851 137
956 1845 135
957 1845 135
958 1845 135
959 1854 138
960 1851 137
961 1854 138
962 1860 140
963 1869 143
964 1863 141
965 1857 139
966 1845 135
967 1845 135
968 1854 138
969 1857 139
970 1857 139
971 1854 138
972 1854 138
973 1851 137
974 1857 139
975 1851 137
976 1848 136
977 1851 137
978 1854 138
979 1857 139
980 1860 140
981 1860 140
982 1860 140
983 1857 139
984 1854 138
985 1851 137
986 1851 137
987 1848 136
988 1851 137
989 1857 139
990 1860 140
991 1860 140
992 1857 139
993 1860 140
994 1854 138
995 1860 140
996 1860 140
997 1860 140
998 1857 139
999 1851 137
1000 1845 135
1001 1848 136
1002 1848 136
1003 1845 135
1004 1845 135
1005 1854 138
1006 1863 141
1007 1866 142
1008 1863 141
1009 1863 141
1010 1866 142
1011 1866 142
1012 1872 144
1013 1875 145
1014 1869 143
1015 1863 141
1016 1863 141
1017 1866 142
1018 1866 142
1019 1866 142
1020 1872 144
1021 1872 144
1022 1872 144
1023 1860 140
1024 1857 139
1025 1860 140
1026 1860 140
1027 1866 142
1028 1866 142
1029 1869 143
1030 1875 145
1031 1869 143
1032 1863 141
1033 1857 139
1034 1854 138
1035 1863 141
1036 1863 141
1037 1857 139
1038 1863 141
1039 1869 143
1040 1872 144
1041 1872 144
1042 1875 145
1043 1869 143
1044 1872 144
1045 1869 143
1046 1869 143
1047 1869 143
1048 1863 141
1049 1860 140
1050 1863 141
1051 1869 143
1052 1872 144
1053 1872 144
1054 1869 143
1055 1869 143
1056 1869 143
1057 1875 145
1058 1878 146
1059 1884 148
1060 1881 147
1061 1875 145
1062 1869 143
1063 1866 142
1064 1866 142
1065 1872 144
1066 1881 147
1067 1890 150
1068 1884 148
1069 1881 147
1070 1878 146
1071 1869 143
1072 1872 144
1073 1881 147
1074 1884 148
1075 1881 147
1076 1881 147
1077 1878 146
1078 1881 147
1079 1881 147
1080 1887 149
1081 1887 149
1082 1884 148
1083 1881 147
1084 1869 143
1085 1866 142
1086 1869 143
1087 1875 145
1088 1881 147
1089 1881 147
1090 1878 146
1091 1881 147
1092 1872 144
1093 1872 144
1094 1875 145
1095 1881 147
1096 1872 144
1097 1866 142
1098 1875 145
1099 1878 146
1100 1884 148
1101 1881 147
1102 1878 146
1103 1884 148
1104 1881 147
1105 1875 145
1106 1872 144
1107 1875 145
1108 1875 145
1109 1875 145
1110 1875 145
1111 1875 145
1112 1881 147
1113 1881 147
1114 1878 146
1115 1875 145
1116 1875 145
1117 1881 147
1118 1878 146
1119 1881 147
1120 1881 147
1121 1884 148
1122 1890 150
1123 1893 151
1124 1887 149
1125 1887 149
1126 1887 149
1127 1893 151
1128 1890 150
1129 1887 149
1130 1875 145
1131 1875 145
1132 1872 144
1133 1872 144
1134 1881 147
1135 1887 149
1136 1884 148
1137 1890 150
1138 1896 152
1139 1896 152
1140 1896 152
1141 1899 153
1142 1899 153
1143 1896 152
1144 1896 152
1145 1896 152
1146 1896 152
1147 1899 153
1148 1893 151
1149 1890 150
1150 1893 151
1151 1899 153
1152 1902 154
1153 1902 154
1154 1899 153
1155 1896 152
1156 1896 152
1157 1899 153
1158 1899 153
1159 1899 153
1160 1896 152
1161 1902 154
1162 1902 154
1163 1899 153
1164 1902 154
1165 1902 154
1166 1902 154
1167 1902 154
1168 1902 154
1169 1905 155
1170 1902 154
1171 1902 154
1172 1899 153
1173 1905 155
1174 1908 156
1175 1911 157
1176 1911 157
1177 1908 156
1178 1905 155
1179 1908 156
1180 1914 158
1181 1917 159
1182 1920 160
1183 1923 161
1184 1923 161
1185 1920 160
1186 1917 159
1187 1917 159
1188 1917 159
1189 1911 157
1190 1905 155
1191 1905 155
1192 1905 155
1193 1902 154
1194 1905 155
1195 1914 158
1196 1911 157
1197 1917 159
1198 1914 158
1199 1896 152
1200 1887 149
1201 1887 149
1202 1899 153
1203 1908 156
1204 1905 155
1205 1893 151
1206 1893 151
1207 1896 152
1208 1896 152
1209 1896 152
1210 1896 152
1211 1896 152
1212 1908 156
1213 1902 154
1214 1893 151
1215 1896 152
1216 1893 151
1217 1890 150
1218 1893 151
1219 1890 150
1220 1887 149
1221 1887 149
1222 1887 149
1223 1884 148
1224 1884 148
1225 1884 148
1226 1884 148
1227 1884 148
1228 1884 148
1229 1884 148
1230 1884 148
1231 1884 148
1232 1884 148
1233 1884 148
1234 1884 148
1235 1884 148
1236 1884 148
1237 1884 148
1238 1884 148
1239 1884 148
1240 1884 148
1241 1884 148
1242 1884 148
1243 1884 148
1244 1884 148
1245 1884 148
1246 1884 148
1247 1884 148
1248 1884 148
1249 1884 148
1250 1884 148
1251 1884 148
1252 1884 148
1253 1881 147
1254 1881 147
1255 1884 148
1256 1884 148
1257 1881 147
1258 1881 147
1259 1881 147
1260 1881 147
1261 1881 147
1262 1881 147
1263 1881 147
1264 1878 146
1265 1878 146
1266 1878 146
1267 1878 146
1268 1878 146
1269 1878 146
1270 1878 146
1271 1878 146
1272 1875 145
1273 1878 146
1274 1878 146
1275 1878 146
1276 1878 146
1277 1878 146
1278 1878 146
1279 1875 145
1280 1875 145
1281 1875 145
1282 1875 145
1283 1875 145
1284 1875 145
1285 1872 144
1286 1872 144
1287 1875 145
1288 1875 145
1289 1875 145
1290 1875 145
1291 1875 145
1292 1872 144
1293 1872 144
1294 1872 144
1295 1872 144
1296 1872 144
1297 1872 144
1298 1869 143
1299 1869 143
1300 1869 143
1301 1869 143
1302 1869 143
1303 1869 143
1304 1869 143
1305 1869 143
1306 1869 143
1307 1869 143
1308 1866 142
1309 1866 142
1310 1866 142
1311 1866 142
1312 1866 142
1313 1866 142
1314 1863 141
1315 1863 141
1316 1863 141
1317 1863 141
1318 1863 141
1319 1863 141
1320 1863 141
1321 1860 140
1322 1860 140
1323 1860 140
1324 1860 140
1325 1860 140
1326 1860 140
1327 1857 139
1328 1857 139
1329 1857 139
1330 1854 138
1331 1854 138
1332 1854 138
1333 1854 138
1334 1854 138
1335 1854 138
1336 1854 138
1337 1851 137
1338 1851 137
1339 1851 137
1340 1851 137
1341 1851 137
1342 1848 136
1343 1848 136
1344 1848 136
1345 1848 136
1346 1848 136
1347 1845 135
1348 1845 135
1349 1845 135
1350 1845 135
1351 1842 134
1352 1842 134
1353 1842 134
1354 1839 133
1355 1839 133
1356 1839 133
1357 1839 133
1358 1839 133
1359 1836 132
1360 1836 132
1361 1836 132
1362 1836 132
1363 1833 131
1364 1833 131
1365 1833 131
1366 1830 130
1367 1830 130
1368 1827 129
1369 1827 129
1370 1827 129
1371 1827 129
1372 1824 128
1373 1824 128
1374 1824 128
1375 1824 128
1376 1821 127
1377 1821 127
1378 1821 127
1379 1818 126
1380 1818 126
1381 1818 126
1382 1815 125
1383 1815 125
1384 1812 124
1385 1812 124
1386 1809 123
1387 1809 123
1388 1806 122
1389 1806 122
1390 1803 121
1391 1803 121
1392 1803 121
1393 1800 120
1394 1800 120
1395 1797 119
1396 1794 118
1397 1794 118
1398 1791 117
1399 1791 117
1400 1788 116
1401 1785 115
1402 1782 114
1403 1782 114
1404 1782 114
598 2432 128
599 2436 129
600 2440 130
601 2444 131
602 2444 131
603 2448 132
604 2448 132
605 2452 133
606 2456 134
607 2456 134
608 2460 135
609 2460 135
610 2464 136
611 2464 136
612 2468 137
613 2468 137
614 2472 138
615 2472 138
616 2476 139
617 2476 139
618 2476 139
619 2480 140
620 2480 140
621 2480 140
622 2484 141
623 2484 141
624 2488 142
625 2488 142
626 2488 142
627 2492 143
628 2492 143
629 2492 143
630 2492 143
631 2496 144
632 2496 144
633 2496 144
634 2496 144
635 2500 145
636 2500 145
637 2500 145
638 2504 146
639 2504 146
640 2504 146
641 2504 146
642 2508 147
643 2508 147
644 2508 147
645 2508 147
646 2508 147
647 2512 148
648 2512 148
649 2512 148
650 2512 148
651 2512 148
652 2512 148
653 2512 148
654 2516 149
655 2516 149
656 2516 149
657 2516 149
658 2516 149
659 2516 149
660 2516 149
661 2516 149
662 2516 149
663 2520 150
664 2520 150
665 2520 150
666 2520 150
667 2520 150
668 2520 150
669 2520 150
670 2520 150
671 2520 150
672 2520 150
673 2520 150
674 2524 151
675 2524 151
676 2524 151
677 2524 151
678 2524 151
679 2524 151
680 2524 151
681 2524 151
682 2524 151
683 2524 151
684 2524 151
685 2524 151
686 2524 151
687 2524 151
688 2524 151
689 2524 151
690 2524 151
691 2524 151
692 2524 151
693 2524 151
694 2524 151
695 2524 151
696 2524 151
697 2524 151
698 2524 151
699 2524 151
700 2528 152
701 2528 152
702 2528 152
703 2524 151
704 2524 151
705 2524 151
706 2524 151
707 2524 151
708 2524 151
709 2524 151
710 2524 151
711 2524 151
712 2524 151
713 2524 151
714 2524 151
715 2524 151
716 2524 151
717 2524 151
718 2524 151
719 2524 151
720 2524 151
721 2524 151
722 2524 151
723 2524 151
724 2524 151
725 2524 151
726 2524 151
727 2524 151
728 2524 151
729 2524 151
730 2524 151
731 2524 151
732 2524 151
733 2524 151
734 2524 151
735 2524 151
736 2524 151
737 2520 150
738 2520 150
739 2520 150
740 2520 150
741 2520 150
742 2520 150
743 2524 151
744 2524 151
745 2520 150
746 2520 150
747 2520 150
748 2520 150
749 2520 150
750 2520 150
751 2520 150
752 2520 150
753 2520 150
754 2520 150
755 2516 149
756 2516 149
757 2516 149
758 2516 149
759 2516 149
760 2516 149
761 2516 149
762 2520 150
763 2520 150
764 2520 150
765 2524 151
766 2524 151
767 2524 151
768 2524 151
769 2520 150
770 2520 150
771 2516 149
772 2516 149
773 2520 150
774 2520 150
775 2516 149
776 2516 149
777 2516 149
778 2516 149
779 2520 150
780 2520 150
781 2524 151
782 2520 150
783 2520 150
784 2516 149
785 2516 149
786 2516 149
787 2512 148
788 2512 148
789 2512 148
790 2512 148
791 2512 148
792 2512 148
793 2512 148
794 2508 147
795 2512 148
796 2512 148
797 2512 148
798 2508 147
799 2508 147
800 2516 149
801 2516 149
802 2516 149
803 2520 150
804 2524 151
805 2520 150
806 2512 148
807 2512 148
808 2520 150
809 2520 150
810 2516 149
811 2516 149
812 2520 150
813 2516 149
814 2516 149
815 2516 149
816 2520 150
817 2520 150
818 2524 151
819 2524 151
820 2524 151
821 2520 150
822 2516 149
823 2508 147
824 2504 146
825 2508 147
826 2504 146
827 2500 145
828 2504 146
829 2504 146
830 2504 146
831 2504 146
832 2512 148
833 2512 148
834 2508 147
835 2512 148
836 2520 150
837 2520 150
838 2516 149
839 2516 149
840 2524 151
841 2528 152
842 2528 152
843 2520 150
844 2512 148
845 2508 147
846 2508 147
847 2516 149
848 2516 149
849 2516 149
850 2516 149
851 2512 148
852 2508 147
853 2508 147
854 2504 146
855 2500 145
856 2504 146
857 2508 147
858 2512 148
859 2512 148
860 2508 147
861 2500 145
862 2500 145
863 2500 145
864 2496 144
865 2496 144
866 2500 145
867 2496 144
868 2504 146
869 2504 146
870 2504 146
871 2500 145
872 2500 145
873 2496 144
874 2504 146
875 2512 148
876 2504 146
877 2512 148
878 2520 150
879 2524 151
880 2516 149
881 2508 147
882 2512 148
883 2516 149
884 2524 151
885 2512 148
886 2512 148
887 2512 148
888 2520 150
889 2520 150
890 2524 151
891 2516 149
892 2512 148
893 2512 148
894 2520 150
895 2520 150
896 2512 148
897 2500 145
898 2500 145
899 2504 146
900 2500 145
901 2500 145
902 2508 147
903 2516 149
904 2516 149
905 2524 151
906 2532 153
907 2520 150
908 2512 148
909 2528 152
910 2532 153
911 2528 152
912 2532 153
913 2528 152
914 2532 153
915 2528 152
916 2536 154
917 2548 157
918 2540 155
919 2540 155
920 2540 155
921 2528 152
922 2532 153
923 2540 155
924 2532 153
925 2532 153
926 2536 154
927 2536 154
928 2540 155
929 2544 156
930 2540 155
931 2536 154
932 2528 152
933 2528 152
934 2536 154
935 2540 155
936 2540 155
937 2532 153
938 2516 149
939 2524 151
940 2524 151
941 2520 150
942 2508 147
943 2512 148
944 2516 149
945 2528 152
946 2524 151
947 2516 149
948 2516 149
949 2512 148
950 2508 147
951 2508 147
952 2508 147
953 2504 146
954 2504 146
955 2500 145
956 2500 145
957 2500 145
958 2504 146
959 2504 146
960 2504 146
961 2504 146
962 2508 147
963 2508 147
964 2508 147
965 2508 147
966 2504 146
967 2508 147
968 2512 148
969 2512 148
970 2516 149
971 2516 149
972 2512 148
973 2512 148
974 2508 147
975 2512 148
976 2508 147
977 2508 147
978 2508 147
979 2508 147
980 2504 146
981 2500 145
982 2500 145
983 2500 145
984 2504 146
985 2512 148
986 2516 149
987 2508 147
988 2508 147
989 2508 147
990 2508 147
991 2504 146
992 2508 147
993 2504 146
994 2504 146
995 2500 145
996 2488 142
997 2480 140
998 2488 142
999 2488 142
1000 2496 144
1001 2496 144
1002 2492 143
1003 2500 145
1004 2496 144
1005 2500 145
1006 2504 146
1007 2504 146
1008 2504 146
1009 2504 146
1010 2504 146
1011 2504 146
1012 2504 146
1013 2508 147
1014 2508 147
1015 2508 147
1016 2508 147
1017 2508 147
1018 2508 147
1019 2508 147
1020 2512 148
1021 2512 148
1022 2512 148
1023 2512 148
1024 2508 147
1025 2504 146
1026 2504 146
1027 2500 145
1028 2500 145
1029 2500 145
1030 2504 146
1031 2504 146
1032 2508 147
1033 2508 147
1034 2508 147
1035 2512 148
1036 2516 149
1037 2520 150
1038 2520 150
1039 2516 149
1040 2512 148
1041 2520 150
1042 2528 152
1043 2532 153
1044 2532 153
1045 2532 153
1046 2532 153
1047 2532 153
1048 2536 154
1049 2536 154
1050 2540 155
1051 2544 156
1052 2556 159
1053 2552 158
1054 2556 159
1055 2560 160
1056 2564 161
1057 2564 161
1058 2564 161
1059 2564 161
1060 2568 162
1061 2568 162
1062 2568 162
1063 2568 162
1064 2568 162
1065 2560 160
1066 2560 160
1067 2576 164
1068 2576 164
1069 2572 163
1070 2572 163
1071 2568 162
1072 2568 162
1073 2568 162
1074 2568 162
1075 2568 162
1076 2544 156
1077 2536 154
1078 2540 155
1079 2540 155
1080 2536 154
1081 2540 155
1082 2548 157
1083 2548 157
1084 2548 157
1085 2548 157
1086 2544 156
1087 2540 155
1088 2540 155
1089 2552 158
1090 2560 160
1091 2560 160
1092 2564 161
1093 2556 159
1094 2548 157
1095 2560 160
1096 2560 160
1097 2548 157
1098 2536 154
1099 2536 154
1100 2540 155
1101 2528 152
1102 2532 153
1103 2532 153
1104 2536 154
1105 2532 153
1106 2528 152
1107 2524 151
1108 2524 151
1109 2520 150
1110 2512 148
1111 2512 148
1112 2512 148
1113 2508 147
1114 2512 148
1115 2508 147
1116 2512 148
1117 2512 148
1118 2512 148
1119 2508 147
1120 2508 147
1121 2516 149
1122 2512 148
1123 2508 147
1124 2508 147
1125 2508 147
1126 2508 147
1127 2508 147
1128 2504 146
1129 2508 147
1130 2512 148
1131 2512 148
1132 2512 148
1133 2512 148
1134 2512 148
1135 2512 148
1136 2512 148
1137 2516 149
1138 2512 148
1139 2512 148
1140 2512 148
1141 2512 148
1142 2508 147
1143 2504 146
1144 2504 146
1145 2504 146
1146 2504 146
1147 2508 147
1148 2508 147
1149 2508 147
1150 2508 147
1151 2504 146
1152 2504 146
1153 2504 146
1154 2508 147
1155 2508 147
1156 2508 147
1157 2512 148
1158 2516 149
1159 2516 149
1160 2512 148
1161 2516 149
1162 2512 148
1163 2512 148
1164 2512 148
1165 2508 147
1166 2508 147
1167 2516 149
1168 2516 149
1169 2516 149
1170 2512 148
1171 2508 147
1172 2508 147
1173 2508 147
1174 2512 148
1175 2512 148
1176 2512 148
1177 2512 148
1178 2512 148
1179 2508 147
1180 2508 147
1181 2508 147
1182 2512 148
1183 2512 148
1184 2512 148
1185 2512 148
1186 2512 148
1187 2516 149
1188 2516 149
1189 2512 148
1190 2512 148
1191 2512 148
1192 2512 148
1193 2512 148
1194 2512 148
1195 2512 148
1196 2512 148
1197 2512 148
1198 2512 148
1199 2512 148
1200 2512 148
1201 2512 148
1202 2512 148
1203 2512 148
1204 2512 148
1205 2512 148
1206 2516 149
1207 2512 148
1208 2516 149
1209 2512 148
1210 2512 148
1211 2516 149
1212 2516 149
1213 2512 148
1214 2512 148
1215 2512 148
1216 2512 148
1217 2512 148
1218 2512 148
1219 2512 148
1220 2512 148
1221 2512 148
1222 2512 148
1223 2512 148
1224 2512 148
1225 2512 148
1226 2512 148
1227 2512 148
1228 2512 148
1229 2512 148
1230 2512 148
1231 2512 148
1232 2512 148
1233 2512 148
1234 2512 148
1235 2512 148
1236 2512 148
1237 2512 148
1238 2512 148
1239 2512 148
1240 2512 148
1241 2512 148
1242 2512 148
1243 2512 148
1244 2512 148
1245 2512 148
1246 2512 148
1247 2512 148
1248 2512 148
1249 2512 148
1250 2512 148
1251 2512 148
1252 2508 147
1253 2508 147
1254 2508 147
1255 2508 147
1256 2508 147
1257 2508 147
1258 2508 147
1259 2508 147
1260 2508 147
1261 2508 147
1262 2508 147
1263 2508 147
1264 2508 147
1265 2508 147
1266 2508 147
1267 2508 147
1268 2508 147
1269 2508 147
1270 2504 146
1271 2504 146
1272 2504 146
1273 2504 146
1274 2500 145
1275 2500 145
1276 2500 145
1277 2500 145
1278 2500 145
1279 2500 145
1280 2500 145
1281 2500 145
1282 2500 145
1283 2500 145
1284 2500 145
1285 2500 145
1286 2500 145
1287 2500 145
1288 2500 145
1289 2496 144
1290 2496 144
1291 2496 144
1292 2496 144
1293 2496 144
1294 2496 144
1295 2496 144
1296 2496 144
1297 2496 144
1298 2496 144
1299 2496 144
1300 2492 143
1301 2492 143
1302 2492 143
1303 2492 143
1304 2492 143
1305 2492 143
1306 2492 143
1307 2492 143
1308 2488 142
1309 2488 142
1310 2488 142
1311 2488 142
1312 2488 142
1313 2488 142
1314 2484 141
1315 2484 141
1316 2484 141
1317 2484 141
1318 2484 141
1319 2480 140
1320 2480 140
1321 2480 140
1322 2480 140
1323 2476 139
1324 2476 139
1325 2476 139
1326 2476 139
1327 2476 139
1328 2476 139
1329 2476 139
1330 2472 138
1331 2472 138
1332 2472 138
1333 2472 138
1334 2472 138
1335 2468 137
1336 2468 137
1337 2468 137
1338 2468 137
1339 2468 137
1340 2468 137
1341 2464 136
1342 2464 136
1343 2464 136
1344 2464 136
1345 2460 135
1346 2460 135
1347 2460 135
1348 2460 135
1349 2456 134
1350 2456 134
1351 2456 134
1352 2456 134
1353 2456 134
1354 2452 133
1355 2452 133
1356 2452 133
1357 2452 133
1358 2448 132
1359 2448 132
1360 2448 132
1361 2448 132
1362 2444 131
1363 2444 131
1364 2440 130
1365 2440 130
1366 2440 130
1367 2440 130
1368 2436 129
1369 2436 129
1370 2436 129
1371 2432 128
1372 2432 128
1373 2432 128
1374 2428 127
1375 2428 127
1376 2428 127
1377 2424 126
1378 2424 126
1379 2424 126
1380 2420 125
1381 2420 125
1382 2416 124
1383 2416 124
1384 2416 124
1385 2412 123
1386 2412 123
1387 2408 122
1388 2404 121
1389 2404 121
1390 2400 120
1391 2400 120
1392 2396 119
1393 2396 119
1394 2392 118
1395 2392 118
1396 2388 117
1397 2384 116
1398 2380 115
1399 2380 115
1400 2376 114
1401 2372 113
1402 2372 113
601 3045 129
602 3045 129
603 3050 130
604 3050 130
605 3055 131
606 3055 131
607 3060 132
608 3065 133
609 3065 133
610 3070 134
611 3075 135
612 3075 135
613 3080 136
614 3080 136
615 3085 137
616 3085 137
617 3085 137
618 3090 138
619 3095 139
620 3095 139
621 3095 139
622 3095 139
623 3100 140
624 3100 140
625 3105 141
626 3105 141
627 3105 141
628 3110 142
629 3110 142
630 3110 142
631 3110 142
632 3115 143
633 3115 143
634 3115 143
635 3120 144
636 3120 144
637 3120 144
638 3125 145
639 3125 145
640 3125 145
641 3125 145
642 3125 145
643 3125 145
644 3130 146
645 3130 146
646 3130 146
647 3130 146
648 3135 147
649 3135 147
650 3135 147
651 3135 147
652 3135 147
653 3140 148
654 3140 148
655 3140 148
656 3140 148
657 3145 149
658 3145 149
659 3145 149
660 3145 149
661 3145 149
662 3145 149
663 3145 149
664 3145 149
665 3145 149
666 3145 149
667 3150 150
668 3150 150
669 3150 150
670 3150 150
671 3150 150
672 3150 150
673 3150 150
674 3150 150
675 3155 151
676 3155 151
677 3155 151
678 3155 151
679 3155 151
680 3155 151
681 3155 151
682 3155 151
683 3155 151
684 3155 151
685 3155 151
686 3155 151
687 3155 151
688 3155 151
689 3155 151
690 3150 150
691 3155 151
692 3155 151
693 3155 151
694 3155 151
695 3155 151
696 3155 151
697 3155 151
698 3155 151
699 3155 151
700 3155 151
701 3155 151
702 3155 151
703 3155 151
704 3155 151
705 3155 151
706 3155 151
707 3160 152
708 3160 152
709 3155 151
710 3155 151
711 3155 151
712 3155 151
713 3155 151
714 3155 151
715 3155 151
716 3155 151
717 3155 151
718 3155 151
719 3155 151
720 3155 151
721 3155 151
722 3155 151
723 3155 151
724 3155 151
725 3155 151
726 3155 151
727 3155 151
728 3155 151
729 3150 150
730 3155 151
731 3155 151
732 3155 151
733 3155 151
734 3155 151
735 3155 151
736 3155 151
737 3155 151
738 3155 151
739 3155 151
740 3155 151
741 3150 150
742 3150 150
743 3150 150
744 3155 151
745 3155 151
746 3150 150
747 3150 150
748 3150 150
749 3150 150
750 3150 150
751 3150 150
752 3150 150
753 3150 150
754 3150 150
755 3145 149
756 3145 149
757 3145 149
758 3145 149
759 3140 148
760 3140 148
761 3145 149
762 3145 149
763 3150 150
764 3150 150
765 3145 149
766 3150 150
767 3150 150
768 3150 150
769 3145 149
770 3150 150
771 3145 149
772 3150 150
773 3150 150
774 3150 150
775 3150 150
776 3145 149
777 3145 149
778 3145 149
779 3145 149
780 3145 149
781 3145 149
782 3150 150
783 3150 150
784 3145 149
785 3145 149
786 3145 149
787 3150 150
788 3150 150
789 3150 150
790 3145 149
791 3145 149
792 3140 148
793 3140 148
794 3135 147
795 3140 148
796 3140 148
797 3140 148
798 3145 149
799 3145 149
800 3145 149
801 3145 149
802 3145 149
803 3145 149
804 3145 149
805 3145 149
806 3145 149
807 3140 148
808 3140 148
809 3145 149
810 3145 149
811 3145 149
812 3140 148
813 3140 148
814 3140 148
815 3140 148
816 3145 149
817 3145 149
818 3145 149
819 3145 149
820 3145 149
821 3145 149
822 3140 148
823 3140 148
824 3140 148
825 3145 149
826 3140 148
827 3145 149
828 3140 148
829 3140 148
830 3140 148
831 3140 148
832 3140 148
833 3140 148
834 3140 148
835 3140 148
836 3140 148
837 3140 148
838 3140 148
839 3140 148
840 3135 147
841 3135 147
842 3135 147
843 3135 147
844 3140 148
845 3140 148
846 3140 148
847 3140 148
848 3145 149
849 3150 150
850 3145 149
851 3145 149
852 3145 149
853 3145 149
854 3145 149
855 3145 149
856 3145 149
857 3150 150
858 3150 150
859 3160 152
860 3165 153
861 3165 153
862 3160 152
863 3165 153
864 3175 155
865 3180 156
866 3180 156
867 3195 159
868 3215 163
869 3215 163
870 3215 163
878 3250 170
879 3250 170
880 3250 170
881 3250 170
882 3250 170
883 3250 170
884 3250 170
885 3250 170
886 3255 171
887 3255 171
888 3250 170
889 3255 171
890 3255 171
923 3265 173
924 3260 172
925 3260 172
926 3260 172
927 3265 173
959 3155 151
960 3150 150
961 3140 148
962 3145 149
963 3145 149
964 3140 148
965 3145 149
966 3140 148
967 3145 149
968 3145 149
969 3140 148
970 3140 148
971 3135 147
972 3135 147
973 3135 147
974 3135 147
975 3135 147
976 3135 147
977 3130 146
978 3130 146
979 3130 146
980 3130 146
981 3130 146
982 3130 146
983 3130 146
984 3130 146
985 3130 146
986 3130 146
987 3100 140
988 3105 141
989 3100 140
990 3085 137
991 3080 136
992 3085 137
993 3090 138
994 3090 138
995 3090 138
996 3105 141
997 3115 143
998 3135 147
999 3130 146
1000 3130 146
1001 3130 146
1002 3130 146
1003 3130 146
1004 3130 146
1005 3130 146
1006 3130 146
1007 3120 144
1008 3130 146
1009 3135 147
1010 3135 147
1011 3140 148
1012 3140 148
1013 3140 148
1014 3130 146
1015 3125 145
1016 3120 144
1017 3135 147
1018 3130 146
1019 3125 145
1020 3105 141
1021 3100 140
1022 3115 143
1023 3135 147
1024 3135 147
1025 3150 150
1026 3155 151
1027 3160 152
1112 3250 170
1113 3245 169
1114 3245 169
1115 3245 169
1116 3245 169
1117 3245 169
1118 3245 169
1119 3245 169
1121 3265 173
1123 3180 156
1124 3170 154
1125 3165 153
1126 3155 151
1127 3150 150
1128 3150 150
1129 3145 149
1130 3150 150
1131 3150 150
1132 3145 149
1133 3145 149
1134 3145 149
1135 3140 148
1136 3140 148
1137 3145 149
1138 3140 148
1139 3140 148
1140 3140 148
1141 3140 148
1142 3135 147
1143 3135 147
1144 3135 147
1145 3135 147
1146 3140 148
1147 3140 148
1148 3140 148
1149 3140 148
1150 3135 147
1151 3135 147
1152 3140 148
1153 3140 148
1154 3140 148
1155 3140 148
1156 3140 148
1157 3140 148
1158 3140 148
1159 3140 148
1160 3135 147
1161 3135 147
1162 3135 147
1163 3140 148
1164 3140 148
1165 3140 148
1166 3140 148
1167 3140 148
1168 3140 148
1169 3140 148
1170 3140 148
1171 3140 148
1172 3140 148
1173 3140 148
1174 3140 148
1175 3140 148
1176 3135 147
1177 3140 148
1178 3140 148
1179 3145 149
1180 3145 149
1181 3145 149
1182 3145 149
1183 3145 149
1184 3145 149
1185 3145 149
1186 3140 148
1187 3140 148
1188 3140 148
1189 3140 148
1190 3140 148
1191 3145 149
1192 3145 149
1193 3140 148
1194 3145 149
1195 3145 149
1196 3145 149
1197 3145 149
1198 3145 149
1199 3145 149
1200 3145 149
1201 3140 148
1202 3140 148
1203 3140 148
1204 3140 148
1205 3140 148
1206 3140 148
1207 3140 148
1208 3140 148
1209 3145 149
1210 3145 149
1211 3145 149
1212 3140 148
1213 3140 148
1214 3140 148
1215 3140 148
1216 3140 148
1217 3140 148
1218 3145 149
1219 3140 148
1220 3140 148
1221 3140 148
1222 3140 148
1223 3140 148
1224 3140 148
1225 3140 148
1226 3140 148
1227 3135 147
1228 3135 147
1229 3140 148
1230 3140 148
1231 3140 148
1232 3140 148
1233 3140 148
1234 3140 148
1235 3140 148
1236 3140 148
1237 3140 148
1238 3140 148
1239 3140 148
1240 3140 148
1241 3140 148
1242 3140 148
1243 3140 148
1244 3140 148
1245 3140 148
1246 3135 147
1247 3135 147
1248 3135 147
1249 3135 147
1250 3135 147
1251 3135 147
1252 3135 147
1253 3135 147
1254 3135 147
1255 3135 147
1256 3135 147
1257 3130 146
1258 3135 147
1259 3135 147
1260 3135 147
1261 3135 147
1262 3135 147
1263 3135 147
1264 3135 147
1265 3135 147
1266 3135 147
1267 3135 147
1268 3130 146
1269 3130 146
1270 3130 146
1271 3130 146
1272 3130 146
1273 3130 146
1274 3130 146
1275 3130 146
1276 3125 145
1277 3125 145
1278 3125 145
1279 3125 145
1280 3125 145
1281 3120 144
1282 3120 144
1283 3120 144
1284 3120 144
1285 3120 144
1286 3120 144
1287 3120 144
1288 3120 144
1289 3120 144
1290 3120 144
1291 3120 144
1292 3120 144
1293 3120 144
1294 3120 144
1295 3115 143
1296 3120 144
1297 3120 144
1298 3120 144
1299 3115 143
1300 3115 143
1301 3115 143
1302 3115 143
1303 3110 142
1304 3110 142
1305 3110 142
1306 3110 142
1307 3110 142
1308 3105 141
1309 3110 142
1310 3110 142
1311 3105 141
1312 3105 141
1313 3105 141
1314 3105 141
1315 3100 140
1316 3100 140
1317 3100 140
1318 3100 140
1319 3100 140
1320 3100 140
1321 3100 140
1322 3100 140
1323 3100 140
1324 3095 139
1325 3095 139
1326 3090 138
1327 3090 138
1328 3090 138
1329 3090 138
1330 3090 138
1331 3085 137
1332 3085 137
1333 3085 137
1334 3085 137
1335 3085 137
1336 3085 137
1337 3080 136
1338 3080 136
1339 3080 136
1340 3080 136
1341 3075 135
1342 3075 135
1343 3075 135
1344 3075 135
1345 3075 135
1346 3070 134
1347 3070 134
1348 3070 134
1349 3070 134
1350 3065 133
1351 3065 133
1352 3065 133
1353 3065 133
1354 3065 133
1355 3060 132
1356 3060 132
1357 3060 132
1358 3055 131
1359 3055 131
1360 3055 131
1361 3055 131
1362 3050 130
1363 3050 130
1364 3045 129
1365 3045 129
1366 3045 129
1367 3045 129
1368 3040 128
1369 3040 128
1370 3040 128
1371 3035 127
1372 3035 127
1373 3035 127
1374 3030 126
1375 3030 126
1376 3025 125
1377 3025 125
1378 3020 124
1379 3020 124
1380 3020 124
1381 3015 123
1382 3010 122
1383 3010 122
1384 3005 121
1385 3005 121
1386 3005 121
1387 3000 120
1388 2995 119
1389 2995 119
1390 2990 118
1391 2985 117
1392 2985 117
1393 2980 116
1394 2980 116
1395 2975 115
1396 2975 115
1397 2970 114
1398 2970 114
606 3654 130
607 3654 130
608 3660 131
609 3666 132
610 3666 132
611 3672 133
612 3672 133
613 3678 134
614 3684 135
615 3684 135
616 3690 136
617 3690 136
618 3696 137
619 3702 138
620 3702 138
621 3702 138
622 3708 139
623 3708 139
624 3714 140
625 3714 140
626 3714 140
627 3720 141
628 3720 141
629 3720 141
630 3726 142
631 3726 142
632 3726 142
633 3726 142
634 3726 142
635 3732 143
636 3732 143
637 3738 144
638 3738 144
639 3738 144
640 3744 145
641 3744 145
642 3750 146
643 3750 146
644 3750 146
645 3750 146
646 3750 146
647 3756 147
648 3756 147
649 3756 147
650 3756 147
651 3762 148
652 3762 148
653 3762 148
654 3762 148
655 3762 148
656 3768 149
657 3768 149
658 3768 149
659 3768 149
660 3768 149
661 3768 149
662 3768 149
663 3768 149
664 3774 150
665 3774 150
666 3774 150
667 3774 150
668 3774 150
669 3774 150
670 3774 150
671 3774 150
672 3774 150
673 3780 151
674 3780 151
675 3780 151
676 3780 151
677 3780 151
678 3786 152
679 3786 152
680 3786 152
681 3786 152
682 3780 151
683 3780 151
684 3786 152
685 3786 152
686 3786 152
687 3786 152
688 3786 152
689 3786 152
690 3792 153
691 3786 152
692 3786 152
693 3792 153
694 3786 152
695 3786 152
696 3786 152
697 3786 152
698 3786 152
699 3786 152
700 3786 152
701 3786 152
702 3786 152
703 3786 152
704 3786 152
705 3786 152
706 3786 152
707 3786 152
708 3786 152
709 3786 152
710 3786 152
711 3786 152
712 3780 151
713 3780 151
714 3780 151
715 3786 152
716 3780 151
717 3780 151
718 3780 151
719 3780 151
720 3786 152
721 3780 151
722 3780 151
723 3786 152
724 3786 152
725 3780 151
726 3780 151
727 3786 152
728 3780 151
729 3780 151
730 3780 151
731 3780 151
732 3780 151
733 3780 151
734 3780 151
735 3780 151
736 3780 151
737 3780 151
738 3780 151
739 3780 151
740 3780 151
741 3780 151
742 3780 151
743 3780 151
744 3786 152
745 3780 151
746 3774 150
747 3774 150
748 3774 150
749 3774 150
750 3774 150
751 3780 151
752 3780 151
753 3780 151
754 3780 151
755 3780 151
756 3780 151
757 3780 151
758 3780 151
759 3786 152
760 3780 151
761 3780 151
762 3780 151
763 3780 151
764 3780 151
765 3774 150
766 3774 150
767 3774 150
768 3780 151
769 3780 151
770 3780 151
771 3780 151
772 3780 151
773 3780 151
774 3780 151
775 3774 150
776 3774 150
777 3774 150
778 3774 150
779 3774 150
780 3774 150
781 3774 150
782 3774 150
783 3774 150
784 3774 150
785 3780 151
786 3780 151
787 3780 151
788 3780 151
789 3780 151
790 3780 151
791 3780 151
792 3780 151
793 3774 150
794 3774 150
795 3774 150
796 3774 150
797 3774 150
798 3774 150
799 3774 150
800 3774 150
801 3780 151
802 3774 150
803 3774 150
804 3774 150
805 3774 150
806 3774 150
807 3774 150
808 3774 150
809 3774 150
810 3774 150
811 3774 150
812 3774 150
813 3774 150
814 3774 150
815 3774 150
816 3774 150
817 3774 150
818 3774 150
819 3774 150
820 3774 150
821 3774 150
822 3774 150
823 3768 149
824 3768 149
825 3768 149
826 3768 149
827 3768 149
828 3768 149
829 3768 149
830 3768 149
831 3774 150
832 3774 150
833 3768 149
834 3768 149
835 3768 149
836 3768 149
837 3768 149
838 3768 149
839 3774 150
840 3774 150
841 3768 149
842 3774 150
843 3780 151
844 3786 152
845 3780 151
846 3774 150
847 3768 149
848 3762 148
849 3768 149
850 3768 149
851 3768 149
852 3762 148
853 3744 145
854 3744 145
857 3906 172
858 3906 172
859 3906 172
874 3990 186
875 3990 186
879 3996 187
880 3990 186
881 3990 186
965 3678 134
966 3678 134
967 3660 131
968 3660 131
969 3642 128
970 3642 128
971 3666 132
972 3684 135
973 3690 136
974 3708 139
975 3714 140
976 3720 141
977 3756 147
978 3756 147
979 3756 147
980 3750 146
981 3750 146
982 3756 147
983 3756 147
984 3756 147
985 3756 147
986 3756 147
987 3756 147
988 3756 147
989 3756 147
990 3756 147
991 3756 147
992 3756 147
993 3756 147
994 3756 147
995 3756 147
996 3762 148
997 3756 147
998 3756 147
999 3750 146
1000 3750 146
1001 3750 146
1002 3756 147
1003 3756 147
1004 3756 147
1005 3756 147
1006 3756 147
1007 3756 147
1008 3750 146
1009 3750 146
1010 3750 146
1011 3750 146
1012 3750 146
1013 3750 146
1014 3756 147
1015 3750 146
1016 3750 146
1017 3744 145
1018 3744 145
1019 3738 144
1020 3738 144
1021 3726 142
1022 3726 142
1023 3720 141
1127 3738 144
1128 3726 142
1129 3738 144
1130 3744 145
1131 3744 145
1132 3744 145
1133 3750 146
1134 3756 147
1135 3756 147
1136 3756 147
1137 3756 147
1138 3756 147
1139 3756 147
1140 3756 147
1141 3756 147
1142 3762 148
1143 3762 148
1144 3762 148
1145 3762 148
1146 3762 148
1147 3762 148
1148 3762 148
1149 3762 148
1150 3762 148
1151 3762 148
1152 3762 148
1153 3762 148
1154 3762 148
1155 3762 148
1156 3762 148
1157 3762 148
1158 3762 148
1159 3762 148
1160 3762 148
1161 3768 149
1162 3768 149
1163 3768 149
1164 3768 149
1165 3768 149
1166 3768 149
1167 3768 149
1168 3768 149
1169 3768 149
1170 3768 149
1171 3768 149
1172 3768 149
1173 3768 149
1174 3768 149
1175 3768 149
1176 3768 149
1177 3768 149
1178 3768 149
1179 3768 149
1180 3768 149
1181 3768 149
1182 3768 149
1183 3768 149
1184 3768 149
1185 3768 149
1186 3768 149
1187 3768 149
1188 3768 149
1189 3768 149
1190 3768 149
1191 3768 149
1192 3768 149
1193 3774 150
1194 3774 150
1195 3774 150
1196 3774 150
1197 3774 150
1198 3768 149
1199 3768 149
1200 3768 149
1201 3768 149
1202 3768 149
1203 3768 149
1204 3768 149
1205 3768 149
1206 3768 149
1207 3768 149
1208 3768 149
1209 3768 149
1210 3768 149
1211 3768 149
1212 3768 149
1213 3768 149
1214 3768 149
1215 3768 149
1216 3768 149
1217 3768 149
1218 3768 149
1219 3768 149
1220 3768 149
1221 3768 149
1222 3768 149
1223 3768 149
1224 3768 149
1225 3768 149
1226 3768 149
1227 3768 149
1228 3768 149
1229 3768 149
1230 3768 149
1231 3768 149
1232 3762 148
1233 3762 148
1234 3768 149
1235 3768 149
1236 3768 149
1237 3768 149
1238 3768 149
1239 3768 149
1240 3768 149
1241 3768 149
1242 3768 149
1243 3768 149
1244 3768 149
1245 3762 148
1246 3762 148
1247 3762 148
1248 3762 148
1249 3762 148
1250 3762 148
1251 3762 148
1252 3762 148
1253 3762 148
1254 3762 148
1255 3768 149
1256 3762 148
1257 3762 148
1258 3762 148
1259 3762 148
1260 3756 147
1261 3756 147
1262 3756 147
1263 3756 147
1264 3756 147
1265 3756 147
1266 3756 147
1267 3756 147
1268 3756 147
1269 3750 146
1270 3750 146
1271 3750 146
1272 3750 146
1273 3750 146
1274 3750 146
1275 3750 146
1276 3750 146
1277 3750 146
1278 3750 146
1279 3750 146
1280 3744 145
1281 3744 145
1282 3744 145
1283 3744 145
1284 3744 145
1285 3744 145
1286 3744 145
1287 3744 145
1288 3744 145
1289 3738 144
1290 3738 144
1291 3738 144
1292 3738 144
1293 3738 144
1294 3738 144
1295 3738 144
1296 3738 144
1297 3738 144
1298 3738 144
1299 3738 144
1300 3732 143
1301 3732 143
1302 3732 143
1303 3726 142
1304 3726 142
1305 3726 142
1306 3726 142
1307 3726 142
1308 3726 142
1309 3726 142
1310 3726 142
1311 3720 141
1312 3720 141
1313 3720 141
1314 3720 141
1315 3720 141
1316 3720 141
1317 3720 141
1318 3714 140
1319 3714 140
1320 3714 140
1321 3714 140
1322 3714 140
1323 3714 140
1324 3708 139
1325 3708 139
1326 3708 139
1327 3708 139
1328 3702 138
1329 3702 138
1330 3702 138
1331 3702 138
1332 3696 137
1333 3696 137
1334 3696 137
1335 3696 137
1336 3696 137
1337 3696 137
1338 3690 136
1339 3690 136
1340 3690 136
1341 3684 135
1342 3684 135
1343 3684 135
1344 3684 135
1345 3684 135
1346 3678 134
1347 3678 134
1348 3678 134
1349 3678 134
1350 3672 133
1351 3672 133
1352 3672 133
1353 3666 132
1354 3660 131
1355 3660 131
1356 3660 131
1357 3660 131
1358 3660 131
1359 3654 130
1360 3654 130
1361 3648 129
1362 3648 129
1363 3648 129
1364 3648 129
1365 3642 128
1366 3642 128
1367 3642 128
1368 3636 127
1369 3636 127
1370 3636 127
1371 3630 126
1372 3630 126
1373 3624 125
1374 3624 125
1375 3618 124
1376 3618 124
1377 3612 123
1378 3612 123
1379 3606 122
1380 3606 122
1381 3600 121
1382 3600 121
1383 3594 120
1384 3588 119
1385 3588 119
1386 3582 118
1387 3582 118
1388 3576 117
1389 3576 117
1390 3570 116
1391 3564 115
1392 3570 116
612 4249 127
613 4263 129
614 4263 129
615 4270 130
616 4277 131
617 4284 132
618 4284 132
619 4291 133
620 4291 133
621 4298 134
622 4305 135
623 4305 135
624 4312 136
625 4312 136
626 4312 136
627 4319 137
628 4319 137
629 4326 138
630 4326 138
631 4333 139
632 4333 139
633 4333 139
634 4340 140
635 4340 140
636 4340 140
637 4340 140
638 4347 141
639 4347 141
640 4354 142
641 4354 142
642 4354 142
643 4361 143
644 4361 143
645 4361 143
646 4361 143
647 4368 144
648 4368 144
649 4368 144
650 4375 145
651 4375 145
652 4375 145
653 4375 145
654 4375 145
655 4382 146
656 4382 146
657 4382 146
658 4382 146
659 4389 147
660 4389 147
661 4389 147
662 4389 147
663 4389 147
664 4396 148
665 4396 148
666 4396 148
667 4396 148
668 4396 148
669 4396 148
670 4403 149
671 4403 149
672 4403 149
673 4403 149
674 4403 149
675 4403 149
676 4403 149
677 4403 149
678 4403 149
679 4403 149
680 4403 149
681 4410 150
682 4410 150
683 4410 150
684 4410 150
685 4410 150
686 4410 150
687 4410 150
688 4410 150
689 4410 150
690 4417 151
691 4417 151
692 4417 151
693 4417 151
694 4417 151
695 4417 151
696 4417 151
697 4417 151
698 4417 151
699 4417 151
700 4417 151
701 4417 151
702 4417 151
703 4417 151
704 4417 151
705 4417 151
706 4417 151
707 4424 152
708 4417 151
709 4417 151
710 4417 151
711 4417 151
712 4417 151
713 4417 151
714 4424 152
715 4417 151
716 4417 151
717 4417 151
718 4417 151
719 4417 151
720 4417 151
721 4417 151
722 4417 151
723 4417 151
724 4417 151
725 4417 151
726 4410 150
727 4410 150
728 4417 151
729 4410 150
730 4410 150
731 4410 150
732 4410 150
733 4410 150
734 4410 150
735 4410 150
736 4417 151
737 4417 151
738 4410 150
739 4410 150
740 4410 150
741 4410 150
742 4410 150
743 4410 150
744 4403 149
745 4410 150
746 4410 150
747 4410 150
748 4410 150
749 4410 150
750 4410 150
751 4410 150
752 4403 149
753 4403 149
754 4403 149
755 4410 150
756 4410 150
757 4410 150
758 4410 150
759 4410 150
760 4410 150
761 4410 150
762 4410 150
763 4410 150
764 4410 150
765 4410 150
766 4410 150
767 4410 150
768 4410 150
769 4403 149
770 4403 149
771 4410 150
772 4410 150
773 4403 149
774 4403 149
775 4403 149
776 4403 149
777 4403 149
778 4410 150
779 4410 150
780 4403 149
781 4403 149
782 4403 149
783 4403 149
784 4403 149
785 4403 149
786 4403 149
787 4403 149
788 4396 148
789 4396 148
790 4403 149
791 4403 149
792 4403 149
793 4403 149
794 4403 149
795 4396 148
796 4396 148
797 4396 148
798 4403 149
799 4396 148
800 4403 149
801 4403 149
802 4403 149
803 4403 149
804 4403 149
805 4403 149
806 4403 149
807 4396 148
808 4396 148
809 4396 148
810 4403 149
811 4396 148
812 4396 148
813 4396 148
814 4403 149
815 4403 149
816 4396 148
817 4396 148
818 4403 149
819 4403 149
820 4403 149
821 4396 148
822 4396 148
823 4396 148
824 4396 148
825 4396 148
826 4396 148
827 4396 148
828 4396 148
829 4396 148
830 4396 148
831 4396 148
832 4396 148
833 4396 148
834 4396 148
835 4389 147
836 4389 147
837 4389 147
838 4389 147
839 4396 148
840 4396 148
841 4389 147
842 4389 147
843 4389 147
844 4389 147
845 4389 147
846 4389 147
847 4382 146
848 4389 147
849 4382 146
850 4382 146
851 4375 145
852 4375 145
853 4368 144
854 4361 143
855 4354 142
856 4347 141
857 4347 141
858 4340 140
859 4333 139
860 4333 139
861 4326 138
956 4319 137
957 4319 137
958 4326 138
959 4326 138
960 4326 138
961 4333 139
962 4333 139
963 4347 141
964 4347 141
965 4354 142
966 4354 142
967 4361 143
968 4361 143
969 4368 144
970 4368 144
971 4368 144
972 4361 143
973 4368 144
974 4375 145
975 4375 145
976 4375 145
977 4375 145
978 4375 145
979 4382 146
980 4382 146
981 4354 142
982 4354 142
983 4368 144
984 4354 142
985 4368 144
986 4382 146
987 4382 146
988 4382 146
989 4375 145
990 4382 146
991 4382 146
992 4382 146
993 4382 146
994 4382 146
995 4382 146
996 4382 146
997 4382 146
998 4354 142
999 4347 141
1000 4347 141
1001 4347 141
1002 4347 141
1003 4354 142
1004 4382 146
1005 4382 146
1006 4375 145
1007 4375 145
1008 4375 145
1009 4375 145
1010 4375 145
1011 4375 145
1012 4375 145
1013 4375 145
1014 4375 145
1015 4375 145
1016 4375 145
1017 4375 145
1018 4368 144
1019 4368 144
1020 4361 143
1021 4361 143
1022 4361 143
1023 4354 142
1024 4354 142
1025 4347 141
1026 4347 141
1027 4340 140
1028 4333 139
1029 4326 138
1030 4319 137
1031 4312 136
1032 4312 136
1033 4312 136
1034 4305 135
1035 4312 136
1049 3619 37
1050 3619 37
1051 3619 37
1052 3619 37
1053 3619 37
1054 3619 37
1055 3619 37
1114 4305 135
1115 4305 135
1116 4319 137
1117 4326 138
1118 4319 137
1119 4319 137
1120 4326 138
1121 4333 139
1122 4333 139
1123 4340 140
1124 4347 141
1125 4347 141
1126 4354 142
1127 4354 142
1128 4361 143
1129 4368 144
1130 4368 144
1131 4368 144
1132 4375 145
1133 4375 145
1134 4375 145
1135 4375 145
1136 4382 146
1137 4382 146
1138 4382 146
1139 4389 147
1140 4389 147
1141 4389 147
1142 4389 147
1143 4382 146
1144 4389 147
1145 4389 147
1146 4389 147
1147 4396 148
1148 4396 148
1149 4396 148
1150 4396 148
1151 4396 148
1152 4396 148
1153 4396 148
1154 4396 148
1155 4389 147
1156 4396 148
1157 4396 148
1158 4396 148
1159 4396 148
1160 4396 148
1161 4396 148
1162 4403 149
1163 4403 149
1164 4403 149
1165 4403 149
1166 4396 148
1167 4396 148
1168 4396 148
1169 4396 148
1170 4396 148
1171 4396 148
1172 4396 148
1173 4396 148
1174 4396 148
1175 4396 148
1176 4389 147
1177 4389 147
1178 4389 147
1179 4396 148
1180 4396 148
1181 4403 149
1182 4403 149
1183 4396 148
1184 4396 148
1185 4396 148
1186 4396 148
1187 4396 148
1188 4396 148
1189 4396 148
1190 4403 149
1191 4403 149
1192 4403 149
1193 4403 149
1194 4403 149
1195 4403 149
1196 4396 148
1197 4396 148
1198 4396 148
1199 4396 148
1200 4396 148
1201 4389 147
1202 4389 147
1203 4396 148
1204 4396 148
1205 4396 148
1206 4396 148
1207 4396 148
1208 4396 148
1209 4396 148
1210 4396 148
1211 4396 148
1212 4403 149
1213 4396 148
1214 4396 148
1215 4396 148
1216 4396 148
1217 4396 148
1218 4396 148
1219 4396 148
1220 4396 148
1221 4396 148
1222 4396 148
1223 4389 147
1224 4389 147
1225 4396 148
1226 4396 148
1227 4389 147
1228 4396 148
1229 4396 148
1230 4396 148
1231 4396 148
1232 4396 148
1233 4396 148
1234 4396 148
1235 4396 148
1236 4389 147
1237 4396 148
1238 4389 147
1239 4389 147
1240 4389 147
1241 4389 147
1242 4389 147
1243 4389 147
1244 4389 147
1245 4389 147
1246 4389 147
1247 4389 147
1248 4389 147
1249 4389 147
1250 4389 147
1251 4389 147
1252 4389 147
1253 4389 147
1254 4382 146
1255 4389 147
1256 4389 147
1257 4382 146
1258 4382 146
1259 4382 146
1260 4382 146
1261 4382 146
1262 4382 146
1263 4382 146
1264 4382 146
1265 4382 146
1266 4382 146
1267 4382 146
1268 4375 145
1269 4375 145
1270 4375 145
1271 4375 145
1272 4368 144
1273 4368 144
1274 4368 144
1275 4368 144
1276 4368 144
1277 4368 144
1278 4368 144
1279 4368 144
1280 4368 144
1281 4368 144
1282 4368 144
1283 4368 144
1284 4361 143
1285 4368 144
1286 4368 144
1287 4361 143
1288 4361 143
1289 4361 143
1290 4361 143
1291 4354 142
1292 4354 142
1293 4354 142
1294 4354 142
1295 4354 142
1296 4354 142
1297 4354 142
1298 4354 142
1299 4347 141
1300 4347 141
1301 4347 141
1302 4347 141
1303 4347 141
1304 4347 141
1305 4347 141
1306 4347 141
1307 4340 140
1308 4340 140
1309 4340 140
1310 4340 140
1311 4340 140
1312 4333 139
1313 4333 139
1314 4333 139
1315 4333 139
1316 4333 139
1317 4326 138
1318 4326 138
1319 4326 138
1320 4326 138
1321 4326 138
1322 4319 137
1323 4319 137
1324 4319 137
1325 4312 136
1326 4312 136
1327 4312 136
1328 4312 136
1329 4312 136
1330 4312 136
1331 4312 136
1332 4305 135
1333 4305 135
1334 4305 135
1335 4298 134
1336 4298 134
1337 4291 133
1338 4291 133
1339 4291 133
1340 4291 133
1341 4291 133
1342 4291 133
1343 4291 133
1344 4284 132
1345 4284 132
1346 4284 132
1347 4277 131
1348 4277 131
1349 4277 131
1350 4270 130
1351 4270 130
1352 4270 130
1353 4263 129
1354 4263 129
1355 4256 128
1356 4256 128
1357 4249 127
1358 4249 127
1359 4249 127
1360 4249 127
1361 4242 126
1362 4242 126
1363 4242 126
1364 4235 125
1365 4235 125
1366 4228 124
1367 4228 124
1368 4221 123
1369 4221 123
1370 4214 122
1371 4214 122
1372 4207 121
1373 4207 121
1374 4200 120
1375 4200 120
1376 4193 119
1377 4186 118
1378 4186 118
1379 4179 117
1380 4179 117
1381 4172 116
1382 4172 116
1383 4172 116
1384 4165 115
620 4864 128
621 4872 129
622 4880 130
623 4880 130
624 4888 131
625 4896 132
626 4896 132
627 4904 133
628 4904 133
629 4912 134
630 4912 134
631 4920 135
632 4920 135
633 4928 136
634 4928 136
635 4936 137
636 4936 137
637 4944 138
638 4944 138
639 4944 138
640 4952 139
641 4952 139
642 4952 139
643 4960 140
644 4960 140
645 4968 141
646 4968 141
647 4968 141
648 4976 142
649 4976 142
650 4976 142
651 4976 142
652 4984 143
653 4984 143
654 4992 144
655 4992 144
656 4992 144
657 4992 144
658 4992 144
659 5000 145
660 5000 145
661 5000 145
662 5000 145
663 5000 145
664 5000 145
665 5000 145
666 5008 146
667 5008 146
668 5008 146
669 5008 146
670 5008 146
671 5016 147
672 5016 147
673 5016 147
674 5016 147
675 5016 147
676 5024 148
677 5024 148
678 5024 148
679 5024 148
680 5024 148
681 5024 148
682 5024 148
683 5024 148
684 5032 149
685 5032 149
686 5032 149
687 5032 149
688 5032 149
689 5032 149
690 5032 149
691 5032 149
692 5040 150
693 5040 150
694 5040 150
695 5040 150
696 5040 150
697 5040 150
698 5040 150
699 5040 150
700 5048 151
701 5048 151
702 5048 151
703 5048 151
704 5048 151
705 5040 150
706 5040 150
707 5048 151
708 5048 151
709 5048 151
710 5048 151
711 5048 151
712 5048 151
713 5048 151
714 5048 151
715 5040 150
716 5040 150
717 5032 149
718 5040 150
719 5040 150
720 5040 150
721 5040 150
722 5040 150
723 5040 150
724 5040 150
725 5048 151
726 5048 151
727 5048 151
728 5040 150
729 5040 150
730 5040 150
731 5048 151
732 5048 151
733 5048 151
734 5048 151
735 5048 151
736 5048 151
737 5048 151
738 5040 150
739 5040 150
740 5040 150
741 5040 150
742 5040 150
743 5040 150
744 5040 150
745 5040 150
746 5040 150
747 5040 150
748 5040 150
749 5040 150
750 5040 150
751 5040 150
752 5040 150
753 5040 150
754 5040 150
755 5040 150
756 5040 150
757 5040 150
758 5040 150
759 5040 150
760 5040 150
761 5040 150
762 5040 150
763 5048 151
764 5048 151
765 5040 150
766 5040 150
767 5040 150
768 5040 150
769 5040 150
770 5032 149
771 5032 149
772 5032 149
773 5032 149
774 5032 149
775 5032 149
776 5032 149
777 5032 149
778 5032 149
779 5032 149
780 5032 149
781 5032 149
782 5032 149
783 5032 149
784 5032 149
785 5024 148
786 5032 149
787 5032 149
788 5032 149
789 5032 149
790 5032 149
791 5032 149
792 5032 149
793 5032 149
794 5024 148
795 5032 149
796 5032 149
797 5032 149
798 5032 149
799 5032 149
800 5032 149
801 5024 148
802 5024 148
803 5024 148
804 5032 149
805 5032 149
806 5032 149
807 5032 149
808 5032 149
809 5032 149
810 5032 149
811 5024 148
812 5024 148
813 5024 148
814 5024 148
815 5024 148
816 5032 149
817 5024 148
818 5024 148
819 5024 148
820 5024 148
821 5024 148
822 5016 147
823 5024 148
824 5024 148
825 5024 148
826 5032 149
827 5024 148
828 5024 148
829 5024 148
830 5024 148
831 5024 148
832 5024 148
833 5024 148
834 5024 148
835 5016 147
836 5016 147
837 5016 147
838 5024 148
839 5024 148
840 5016 147
841 5016 147
842 5024 148
843 5024 148
844 5024 148
845 5024 148
846 5024 148
847 5024 148
848 5024 148
849 5016 147
850 5016 147
851 5016 147
852 5016 147
853 5016 147
854 5008 146
855 5008 146
856 5008 146
857 5000 145
858 5000 145
859 5000 145
860 4992 144
861 4992 144
862 4992 144
863 4984 143
864 4984 143
865 4984 143
866 4976 142
867 4976 142
868 4976 142
869 4976 142
870 4968 141
871 4968 141
872 4960 140
873 4968 141
874 4960 140
875 4960 140
876 4952 139
877 4952 139
878 4944 138
879 4944 138
880 4944 138
881 4936 137
882 4936 137
883 4936 137
884 4936 137
885 4928 136
886 4928 136
887 4928 136
888 4928 136
889 4920 135
890 4920 135
891 4920 135
892 4920 135
893 4912 134
894 4912 134
895 4912 134
896 4912 134
897 4912 134
898 4912 134
899 4912 134
900 4912 134
901 4912 134
902 4904 133
903 4904 133
904 4904 133
905 4904 133
906 4904 133
907 4904 133
908 4904 133
909 4904 133
910 4904 133
911 4904 133
912 4912 134
913 4912 134
914 4912 134
915 4912 134
916 4912 134
917 4912 134
918 4904 133
919 4904 133
920 4904 133
921 4912 134
922 4912 134
923 4912 134
924 4912 134
925 4920 135
926 4920 135
927 4920 135
928 4920 135
929 4920 135
930 4920 135
931 4928 136
932 4928 136
933 4936 137
934 4936 137
935 4944 138
936 4944 138
937 4944 138
938 4944 138
939 4944 138
940 4952 139
941 4952 139
942 4952 139
943 4960 140
944 4960 140
945 4960 140
946 4960 140
947 4968 141
948 4968 141
949 4968 141
950 4968 141
951 4976 142
952 4976 142
953 4976 142
954 4976 142
955 4968 141
956 4968 141
957 4952 139
958 4952 139
959 4960 140
960 4984 143
961 5000 145
962 5000 145
963 4952 139
964 4944 138
965 4936 137
966 4944 138
967 4952 139
968 4960 140
969 4968 141
970 4976 142
971 4984 143
972 4984 143
973 4992 144
974 4992 144
975 4968 141
976 4992 144
977 5008 146
978 5008 146
979 5000 145
980 5000 145
981 5000 145
982 5008 146
983 5008 146
984 4992 144
985 5000 145
986 5008 146
987 5008 146
988 5008 146
989 5008 146
990 5008 146
991 4992 144
992 4984 143
993 4984 143
994 5008 146
995 5008 146
996 4984 143
997 4992 144
998 5008 146
999 5000 145
1000 5008 146
1001 5008 146
1002 4992 144
1003 4992 144
1004 4984 143
1005 5000 145
1006 5000 145
1007 5000 145
1008 5008 146
1009 5008 146
1010 5000 145
1011 5000 145
1012 5000 145
1013 5000 145
1014 5000 145
1015 5000 145
1016 5008 146
1017 5008 146
1018 5008 146
1019 5008 146
1020 5000 145
1021 5000 145
1022 5008 146
1023 5000 145
1024 5000 145
1025 4992 144
1026 4992 144
1027 4992 144
1028 4984 143
1029 4984 143
1030 4984 143
1031 4992 144
1032 4992 144
1033 4984 143
1034 4968 141
1035 4960 140
1036 4968 141
1037 4976 142
1038 4976 142
1039 4976 142
1040 4968 141
1041 4968 141
1042 4968 141
1043 4968 141
1044 4960 140
1045 4960 140
1046 4960 140
1047 4968 141
1048 4968 141
1049 4960 140
1050 4960 140
1051 4960 140
1052 4952 139
1053 4952 139
1054 4952 139
1055 4944 138
1056 4944 138
1057 4944 138
1058 4936 137
1059 4936 137
1060 4936 137
1061 4936 137
1062 4936 137
1063 4936 137
1064 4936 137
1065 4936 137
1066 4936 137
1067 4936 137
1068 4928 136
1069 4928 136
1070 4928 136
1071 4928 136
1072 4928 136
1073 4936 137
1074 4936 137
1075 4936 137
1076 4936 137
1077 4936 137
1078 4936 137
1079 4936 137
1080 4936 137
1081 4936 137
1082 4936 137
1083 4936 137
1084 4936 137
1085 4936 137
1086 4936 137
1087 4936 137
1088 4936 137
1089 4936 137
1090 4944 138
1091 4944 138
1092 4944 138
1093 4944 138
1094 4944 138
1095 4944 138
1096 4952 139
1097 4952 139
1098 4952 139
1099 4952 139
1100 4952 139
1101 4960 140
1102 4960 140
1103 4960 140
1104 4960 140
1105 4968 141
1106 4968 141
1107 4968 141
1108 4976 142
1109 4976 142
1110 4976 142
1111 4976 142
1112 4984 143
1113 4984 143
1114 4984 143
1115 4992 144
1116 4992 144
1117 4992 144
1118 4992 144
1119 5000 145
1120 5000 145
1121 5000 145
1122 5000 145
1123 5000 145
1124 5000 145
1125 5000 145
1126 5000 145
1127 5008 146
1128 5016 147
1129 5016 147
1130 5016 147
1131 5016 147
1132 5016 147
1133 5008 146
1134 5008 146
1135 5016 147
1136 5016 147
1137 5016 147
1138 5016 147
1139 5016 147
1140 5016 147
1141 5016 147
1142 5016 147
1143 5016 147
1144 5024 148
1145 5024 148
1146 5024 148
1147 5024 148
1148 5032 149
1149 5024 148
1150 5032 149
1151 5024 148
1152 5024 148
1153 5024 148
1154 5032 149
1155 5032 149
1156 5032 149
1157 5024 148
1158 5024 148
1159 5024 148
1160 5024 148
1161 5024 148
1162 5024 148
1163 5024 148
1164 5024 148
1165 5024 148
1166 5024 148
1167 5024 148
1168 5024 148
1169 5024 148
1170 5024 148
1171 5024 148
1172 5024 148
1173 5024 148
1174 5024 148
1175 5024 148
1176 5032 149
1177 5024 148
1178 5024 148
1179 5024 148
1180 5024 148
1181 5024 148
1182 5024 148
1183 5024 148
1184 5032 149
1185 5024 148
1186 5032 149
1187 5032 149
1188 5024 148
1189 5024 148
1190 5024 148
1191 5032 149
1192 5032 149
1193 5032 149
1194 5032 149
1195 5032 149
1196 5032 149
1197 5032 149
1198 5032 149
1199 5032 149
1200 5032 149
1201 5032 149
1202 5032 149
1203 5032 149
1204 5032 149
1205 5024 148
1206 5032 149
1207 5024 148
1208 5024 148
1209 5024 148
1210 5024 148
1211 5024 148
1212 5024 148
1213 5024 148
1214 5024 148
1215 5024 148
1216 5024 148
1217 5024 148
1218 5024 148
1219 5024 148
1220 5024 148
1221 5024 148
1222 5024 148
1223 5024 148
1224 5024 148
1225 5024 148
1226 5024 148
1227 5024 148
1228 5024 148
1229 5024 148
1230 5024 148
1231 5016 147
1232 5016 147
1233 5016 147
1234 5016 147
1235 5016 147
1236 5016 147
1237 5016 147
1238 5016 147
1239 5016 147
1240 5016 147
1241 5016 147
1242 5016 147
1243 5016 147
1244 5016 147
1245 5016 147
1246 5016 147
1247 5016 147
1248 5016 147
1249 5008 146
1250 5008 146
1251 5008 146
1252 5008 146
1253 5008 146
1254 5008 146
1255 5008 146
1256 5008 146
1257 5008 146
1258 5000 145
1259 5000 145
1260 5000 145
1261 5000 145
1262 5000 145
1263 5000 145
1264 5000 145
1265 5000 145
1266 5000 145
1267 5000 145
1268 4992 144
1269 4992 144
1270 4992 144
1271 4992 144
1272 4992 144
1273 4984 143
1274 4992 144
1275 4992 144
1276 4992 144
1277 4992 144
1278 4992 144
1279 4984 143
1280 4984 143
1281 4984 143
1282 4976 142
1283 4976 142
1284 4976 142
1285 4976 142
1286 4976 142
1287 4976 142
1288 4976 142
1289 4976 142
1290 4968 141
1291 4968 141
1292 4968 141
1293 4968 141
1294 4968 141
1295 4968 141
1296 4960 140
1297 4960 140
1298 4960 140
1299 4960 140
1300 4960 140
1301 4960 140
1302 4952 139
1303 4952 139
1304 4952 139
1305 4952 139
1306 4952 139
1307 4952 139
1308 4952 139
1309 4944 138
1310 4944 138
1311 4944 138
1312 4944 138
1313 4936 137
1314 4936 137
1315 4936 137
1316 4936 137
1317 4936 137
1318 4936 137
1319 4928 136
1320 4928 136
1321 4928 136
1322 4920 135
1323 4920 135
1324 4920 135
1325 4920 135
1326 4912 134
1327 4912 134
1328 4912 134
1329 4912 134
1330 4904 133
1331 4904 133
1332 4904 133
1333 4904 133
1334 4904 133
1335 4896 132
1336 4896 132
1337 4888 131
1338 4888 131
1339 4888 131
1340 4880 130
1341 4880 130
1342 4880 130
1343 4880 130
1344 4880 130
1345 4872 129
1346 4872 129
1347 4864 128
1348 4864 128
1349 4864 128
1350 4856 127
1351 4856 127
1352 4848 126
1353 4848 126
1354 4840 125
1355 4840 125
1356 4840 125
1357 4832 124
1358 4832 124
1359 4824 123
1360 4824 123
1361 4824 123
1362 4816 122
1363 4816 122
1364 4808 121
1365 4808 121
1366 4800 120
1367 4800 120
1368 4792 119
1369 4792 119
1370 4784 118
1371 4784 118
1372 4776 117
1373 4776 117
1374 4768 116
1375 4768 116
1376 4768 116
