407 332 120
408 334 122
409 338 126
410 331 119
411 328 116
412 322 110
413 320 108
414 315 103
415 313 101
416 308 96
417 305 93
418 299 87
462 291 79
463 290 78
464 303 91
465 305 93
466 308 96
467 310 98
468 312 100
469 314 102
470 317 105
471 320 108
472 322 110
473 324 112
474 327 115
475 329 117
476 332 120
477 335 123
478 338 126
479 340 128
480 342 130
481 343 131
482 345 133
483 346 134
484 347 135
485 350 138
486 352 140
487 352 140
488 353 141
489 352 140
490 348 136
491 347 135
492 345 133
493 347 135
494 348 136
495 350 138
496 350 138
497 350 138
498 352 140
499 354 142
500 356 144
501 356 144
502 355 143
503 355 143
504 356 144
505 356 144
506 356 144
507 356 144
508 357 145
509 357 145
510 357 145
511 357 145
512 358 146
513 358 146
514 359 147
515 359 147
516 359 147
517 359 147
518 360 148
519 361 149
520 362 150
521 364 152
522 366 154
523 368 156
524 370 158
525 372 160
526 374 162
527 375 163
528 377 165
529 379 167
530 381 169
531 383 171
532 385 173
533 387 175
534 389 177
535 391 179
536 392 180
537 394 182
538 397 185
539 398 186
540 400 188
541 402 190
542 404 192
543 406 194
544 409 197
545 411 199
546 414 202
547 416 204
548 417 205
549 420 208
550 422 210
551 424 212
552 425 213
553 428 216
554 431 219
555 432 220
556 432 220
557 433 221
558 434 222
559 434 222
560 437 225
561 440 228
564 449 237
565 449 237
568 301 89
569 303 91
570 304 92
571 306 94
572 307 95
573 309 97
574 311 99
575 312 100
576 314 102
577 317 105
578 318 106
579 320 108
580 321 109
581 323 111
582 325 113
583 326 114
584 328 116
585 329 117
586 331 119
587 332 120
588 333 121
589 334 122
590 336 124
591 337 125
592 339 127
593 340 128
594 342 130
595 343 131
596 344 132
597 346 134
598 347 135
599 348 136
600 350 138
601 352 140
602 353 141
603 354 142
604 355 143
605 356 144
606 357 145
607 358 146
608 360 148
609 362 150
610 364 152
611 364 152
612 366 154
613 367 155
614 369 157
615 370 158
616 372 160
617 373 161
618 375 163
619 376 164
620 378 166
621 379 167
622 380 168
623 381 169
624 383 171
625 384 172
626 385 173
627 385 173
628 385 173
629 385 173
630 385 173
631 385 173
632 385 173
633 385 173
634 385 173
635 385 173
636 385 173
637 385 173
638 385 173
639 386 174
410 337 124
411 338 125
412 335 122
413 331 118
414 325 112
415 322 109
416 317 104
417 315 102
418 311 98
419 308 95
420 302 89
464 292 79
465 301 88
466 306 93
467 308 95
468 312 99
469 313 100
470 315 102
471 317 104
472 321 108
473 323 110
474 325 112
475 327 114
476 331 118
477 333 120
478 336 123
479 339 126
480 342 129
481 343 130
482 345 132
483 346 133
484 348 135
485 350 137
486 350 137
487 353 140
488 355 142
489 355 142
490 354 141
491 352 139
492 350 137
493 348 135
494 349 136
495 350 137
496 352 139
497 352 139
498 353 140
499 354 141
500 356 143
501 358 145
502 358 145
503 358 145
504 358 145
505 358 145
506 358 145
507 358 145
508 358 145
509 358 145
510 359 146
511 359 146
512 359 146
513 360 147
514 360 147
515 361 148
516 361 148
517 361 148
518 361 148
519 362 149
520 363 150
521 364 151
522 366 153
523 367 154
524 369 156
525 371 158
526 373 160
527 376 163
528 377 164
529 379 166
530 381 168
531 383 170
532 385 172
533 386 173
534 389 176
535 391 178
536 393 180
537 394 181
538 396 183
539 398 185
540 400 187
541 402 189
542 404 191
543 406 193
544 409 196
545 410 197
546 413 200
547 415 202
548 418 205
549 420 207
550 422 209
551 423 210
552 426 213
553 428 215
554 429 216
555 432 219
556 435 222
557 435 222
558 434 221
559 435 222
560 436 223
561 438 225
562 436 223
563 440 227
566 452 239
570 304 91
571 305 92
572 307 94
573 309 96
574 311 98
575 312 99
576 315 102
577 317 104
578 319 106
579 320 107
580 321 108
581 323 110
582 324 111
583 326 113
584 328 115
585 329 116
586 331 118
587 332 119
588 334 121
589 335 122
590 337 124
591 338 125
592 339 126
593 340 127
594 342 129
595 344 131
596 345 132
597 346 133
598 348 135
599 349 136
600 350 137
601 352 139
602 353 140
603 355 142
604 356 143
605 357 144
606 358 145
607 359 146
608 361 148
609 363 150
610 364 151
611 365 152
612 367 154
613 368 155
614 369 156
615 371 158
616 373 160
617 374 161
618 375 162
619 377 164
620 378 165
621 379 166
622 380 167
623 382 169
624 383 170
625 385 172
626 386 173
627 386 173
628 387 174
629 386 173
630 386 173
631 386 173
632 386 173
633 386 173
634 386 173
635 386 173
636 386 173
637 386 173
638 386 173
639 387 174
408 331 119
409 334 122
410 341 129
411 333 121
412 326 114
413 324 112
414 319 107
415 316 104
416 313 101
417 307 95
418 304 92
419 301 89
463 291 79
464 302 90
465 304 92
466 307 95
467 310 98
468 312 100
469 314 102
470 316 104
471 319 107
472 321 109
473 323 111
474 326 114
475 329 117
476 332 120
477 335 123
478 338 126
479 340 128
480 342 130
481 343 131
482 345 133
483 346 134
484 348 136
485 349 137
486 353 141
487 353 141
488 353 141
489 353 141
490 352 140
491 349 137
492 347 135
493 348 136
494 349 137
495 351 139
496 351 139
497 351 139
498 353 141
499 355 143
500 357 145
501 357 145
502 357 145
503 356 144
504 356 144
505 357 145
506 357 145
507 357 145
508 357 145
509 357 145
510 358 146
511 358 146
512 358 146
513 358 146
514 359 147
515 360 148
516 360 148
517 360 148
518 360 148
519 361 149
520 362 150
521 364 152
522 366 154
523 368 156
524 370 158
525 372 160
526 374 162
527 375 163
528 377 165
529 379 167
530 381 169
531 383 171
532 385 173
533 387 175
534 389 177
535 391 179
536 393 181
537 395 183
538 396 184
539 398 186
540 400 188
541 401 189
542 404 192
543 406 194
544 409 197
545 411 199
546 413 201
547 415 203
548 418 206
549 420 208
550 422 210
551 423 211
552 426 214
553 428 216
554 430 218
555 432 220
556 434 222
557 434 222
558 430 218
559 433 221
560 439 227
561 436 224
565 450 238
566 452 240
568 303 91
569 302 90
570 304 92
571 306 94
572 308 96
573 309 97
574 312 100
575 313 101
576 315 103
577 316 104
578 317 105
579 320 108
580 321 109
581 322 110
582 324 112
583 325 113
584 328 116
585 328 116
586 330 118
587 332 120
588 334 122
589 335 123
590 336 124
591 337 125
592 339 127
593 340 128
594 342 130
595 343 131
596 344 132
597 346 134
598 347 135
599 348 136
600 350 138
601 351 139
602 353 141
603 354 142
604 355 143
605 356 144
606 357 145
607 359 147
608 361 149
609 362 150
610 364 152
611 365 153
612 366 154
613 368 156
614 369 157
615 370 158
616 372 160
617 373 161
618 375 163
619 376 164
620 378 166
621 378 166
622 380 168
623 381 169
624 383 171
625 384 172
626 385 173
627 385 173
628 385 173
629 385 173
630 385 173
631 385 173
632 385 173
633 385 173
634 385 173
635 385 173
636 385 173
637 385 173
638 385 173
639 385 173
407 331 118
408 337 124
409 335 122
410 336 123
411 328 115
412 324 111
413 321 108
414 316 103
415 313 100
416 309 96
417 306 93
418 300 87
462 291 78
463 293 80
464 304 91
465 306 93
466 309 96
467 311 98
468 313 100
469 315 102
470 318 105
471 320 107
472 323 110
473 325 112
474 328 115
475 330 117
476 333 120
477 336 123
478 339 126
479 341 128
480 343 130
481 344 131
482 346 133
483 348 135
484 349 136
485 350 137
486 353 140
487 353 140
488 353 140
489 353 140
490 350 137
491 348 135
492 347 134
493 348 135
494 350 137
495 351 138
496 351 138
497 352 139
498 354 141
499 356 143
500 357 144
501 357 144
502 357 144
503 357 144
504 357 144
505 357 144
506 357 144
507 357 144
508 357 144
509 358 145
510 358 145
511 358 145
512 359 146
513 359 146
514 359 146
515 360 147
516 360 147
517 360 147
518 361 148
519 362 149
520 363 150
521 365 152
522 367 154
523 369 156
524 371 158
525 373 160
526 375 162
527 376 163
528 379 166
529 380 167
530 383 170
531 384 171
532 386 173
533 388 175
534 391 178
535 392 179
536 394 181
537 396 183
538 398 185
539 399 186
540 401 188
541 403 190
542 406 193
543 408 195
544 411 198
545 412 199
546 415 202
547 417 204
548 419 206
549 421 208
550 423 210
551 425 212
552 426 213
553 429 216
554 432 219
555 434 221
556 434 221
557 432 219
558 434 221
559 435 222
560 439 226
561 448 235
562 439 226
565 450 237
568 302 89
569 303 90
570 305 92
571 306 93
572 309 96
573 310 97
574 312 99
575 314 101
576 316 103
577 316 103
578 319 106
579 320 107
580 322 109
581 324 111
582 325 112
583 327 114
584 329 116
585 330 117
586 331 118
587 333 120
588 335 122
589 336 123
590 337 124
591 338 125
592 340 127
593 341 128
594 343 130
595 344 131
596 345 132
597 347 134
598 348 135
599 350 137
600 351 138
601 352 139
602 354 141
603 354 141
604 356 143
605 357 144
606 358 145
607 360 147
608 361 148
609 363 150
610 364 151
611 365 152
612 367 154
613 369 156
614 370 157
615 371 158
616 373 160
617 374 161
618 375 162
619 377 164
620 378 165
621 379 166
622 381 168
623 382 169
624 384 171
625 385 172
626 385 172
627 385 172
628 385 172
629 385 172
630 385 172
631 385 172
632 385 172
633 385 172
634 385 172
635 385 172
636 385 172
637 385 172
638 386 173
639 386 173
407 332 118
408 331 117
409 342 128
410 336 122
411 330 116
412 325 111
413 322 108
414 317 103
415 314 100
416 310 96
417 308 94
418 302 88
462 292 78
463 292 78
464 303 89
465 306 92
466 309 95
467 311 97
468 314 100
469 315 101
470 318 104
471 320 106
472 323 109
473 325 111
474 328 114
475 330 116
476 334 120
477 336 122
478 339 125
479 342 128
480 343 129
481 345 131
482 346 132
483 347 133
484 349 135
485 351 137
486 354 140
487 353 139
488 355 141
489 354 140
490 352 138
491 349 135
492 348 134
493 349 135
494 350 136
495 352 138
496 352 138
497 352 138
498 354 140
499 356 142
500 358 144
501 358 144
502 357 143
503 357 143
504 358 144
505 358 144
506 358 144
507 358 144
508 358 144
509 358 144
510 359 145
511 359 145
512 359 145
513 360 146
514 361 147
515 361 147
516 361 147
517 361 147
518 362 148
519 363 149
520 364 150
521 365 151
522 367 153
523 369 155
524 372 158
525 373 159
526 375 161
527 377 163
528 379 165
529 381 167
530 383 169
531 385 171
532 387 173
533 388 174
534 390 176
535 392 178
536 394 180
537 396 182
538 398 184
539 400 186
540 401 187
541 403 189
542 406 192
543 408 194
544 410 196
545 413 199
546 415 201
547 417 203
548 419 205
549 421 207
550 423 209
551 425 211
552 428 214
553 429 215
554 431 217
555 432 218
556 435 221
557 433 219
558 432 218
559 436 222
560 436 222
561 441 227
565 451 237
568 303 89
569 304 90
570 306 92
571 308 94
572 309 95
573 311 97
574 313 99
575 314 100
576 316 102
577 318 104
578 320 106
579 321 107
580 322 108
581 324 110
582 326 112
583 327 113
584 329 115
585 331 117
586 333 119
587 334 120
588 335 121
589 336 122
590 338 124
591 339 125
592 341 127
593 342 128
594 344 130
595 345 131
596 346 132
597 347 133
598 349 135
599 350 136
600 352 138
601 353 139
602 354 140
603 356 142
604 357 143
605 358 144
606 359 145
607 361 147
608 362 148
609 364 150
610 366 152
611 367 153
612 368 154
613 369 155
614 371 157
615 372 158
616 373 159
617 375 161
618 376 162
619 378 164
620 379 165
621 380 166
622 382 168
623 383 169
624 385 171
625 385 171
626 386 172
627 386 172
628 386 172
629 386 172
630 386 172
631 386 172
632 386 172
633 386 172
634 386 172
635 386 172
636 386 172
637 386 172
638 386 172
639 387 173
424 330 95
425 371 136
426 365 130
427 362 127
428 357 122
429 353 118
430 348 113
431 344 109
432 340 105
433 337 102
434 332 97
435 326 91
436 315 80
474 331 96
475 333 98
476 336 101
477 339 104
478 342 107
479 343 108
480 346 111
481 348 113
482 351 116
483 352 117
484 355 120
485 357 122
486 361 126
487 363 128
488 366 131
489 367 132
490 368 133
491 370 135
492 371 136
493 372 137
494 377 142
495 379 144
496 381 146
497 380 145
498 379 144
499 379 144
500 377 142
501 374 139
502 374 139
503 374 139
504 378 143
505 379 144
506 379 144
507 380 145
508 383 148
509 384 149
510 385 150
511 384 149
512 384 149
513 384 149
514 385 150
515 385 150
516 385 150
517 385 150
518 386 151
519 386 151
520 386 151
521 386 151
522 387 152
523 387 152
524 388 153
525 388 153
526 389 154
527 389 154
528 389 154
529 390 155
530 391 156
531 392 157
532 394 159
533 396 161
534 398 163
535 401 166
536 402 167
537 404 169
538 406 171
539 407 172
540 410 175
541 412 177
542 414 179
543 416 181
544 419 184
545 420 185
546 423 188
547 425 190
548 428 193
549 429 194
550 432 197
551 434 199
552 435 200
553 437 202
554 441 206
555 442 207
556 443 208
557 445 210
558 448 213
559 450 215
560 452 217
561 455 220
562 457 222
563 459 224
564 461 226
565 460 225
566 459 224
567 462 227
568 465 230
569 456 221
570 476 241
571 477 242
572 478 243
573 479 244
575 479 244
579 331 96
580 334 99
581 335 100
582 337 102
583 337 102
584 339 104
585 340 105
586 341 106
587 343 108
588 345 110
589 347 112
590 347 112
591 349 114
592 351 116
593 353 118
594 354 119
595 356 121
596 358 123
597 359 124
598 361 126
599 362 127
600 364 129
601 365 130
602 367 132
603 368 133
604 369 134
605 371 136
606 372 137
607 373 138
608 375 140
609 376 141
610 378 143
611 379 144
612 381 146
613 382 147
614 384 149
615 385 150
616 387 152
617 388 153
618 390 155
619 391 156
620 393 158
621 394 159
622 396 161
623 397 162
624 399 164
625 400 165
626 401 166
627 401 166
628 402 167
629 403 168
630 403 168
631 403 168
632 403 168
633 403 168
634 402 167
635 402 167
636 402 167
637 402 167
638 402 167
639 402 167
48 77 16
49 77 16
50 78 17
51 79 18
52 79 18
53 80 19
54 81 20
55 81 20
56 82 21
57 82 21
58 83 22
59 84 23
60 84 23
61 85 24
62 86 25
63 86 25
64 87 26
65 88 27
66 88 27
67 89 28
68 89 28
69 90 29
70 90 29
71 90 29
72 90 29
73 90 29
74 90 29
75 90 29
76 90 29
77 90 29
78 90 29
79 90 29
80 90 29
81 89 28
82 88 27
83 88 27
84 87 26
85 86 25
86 85 24
87 84 23
88 82 21
89 82 21
90 81 20
91 80 19
92 79 18
93 79 18
94 79 18
95 83 22
96 84 23
97 85 24
98 86 25
99 87 26
100 88 27
101 89 28
102 91 30
103 91 30
104 91 30
105 94 33
106 95 34
107 97 36
108 99 38
109 100 39
110 101 40
111 102 41
112 104 43
113 106 45
114 108 47
115 109 48
116 110 49
117 111 50
118 113 52
119 115 54
120 115 54
121 115 54
122 115 54
123 116 55
124 115 54
125 116 55
126 116 55
127 116 55
128 114 53
129 113 52
130 118 57
131 117 56
132 121 60
133 124 63
134 124 63
135 127 66
136 127 66
137 127 66
138 127 66
139 129 68
140 128 67
141 128 67
142 127 66
143 126 65
144 126 65
145 126 65
146 125 64
147 125 64
148 125 64
149 124 63
150 123 62
151 124 63
152 123 62
153 122 61
154 123 62
155 122 61
156 122 61
157 121 60
158 122 61
159 122 61
160 120 59
161 120 59
162 120 59
163 120 59
164 120 59
165 121 60
166 120 59
167 120 59
168 123 62
169 123 62
170 122 61
171 123 62
172 125 64
173 125 64
174 124 63
175 123 62
176 125 64
177 125 64
178 123 62
179 122 61
180 122 61
181 120 59
182 118 57
183 117 56
184 115 54
185 114 53
186 113 52
187 112 51
188 111 50
189 110 49
190 110 49
191 110 49
192 110 49
193 111 50
194 114 53
195 116 55
196 117 56
197 116 55
198 115 54
199 115 54
200 115 54
201 115 54
202 117 56
203 116 55
204 117 56
205 117 56
206 117 56
207 118 57
208 118 57
209 119 58
210 121 60
211 121 60
212 123 62
213 127 66
214 131 70
215 146 85
216 150 89
217 157 96
218 164 103
219 168 107
220 176 115
221 188 127
222 189 128
223 189 128
224 188 127
225 188 127
226 188 127
227 188 127
228 188 127
229 188 127
230 188 127
231 189 128
232 188 127
233 187 126
234 187 126
235 188 127
236 188 127
237 189 128
238 189 128
239 189 128
240 189 128
241 187 126
242 189 128
243 190 129
244 190 129
245 188 127
246 187 126
247 188 127
248 190 129
249 190 129
250 191 130
251 191 130
252 190 129
253 190 129
254 189 128
255 191 130
256 189 128
257 189 128
258 189 128
259 189 128
260 188 127
261 187 126
262 186 125
263 186 125
264 188 127
265 187 126
266 186 125
267 186 125
268 186 125
269 186 125
270 186 125
271 187 126
272 184 123
273 179 118
274 166 105
275 140 79
276 124 63
277 123 62
278 122 61
279 122 61
280 122 61
281 121 60
282 120 59
283 119 58
284 119 58
285 119 58
286 118 57
287 118 57
288 118 57
289 120 59
290 119 58
291 114 53
292 109 48
293 107 46
294 105 44
295 105 44
296 103 42
297 101 40
298 100 39
299 98 37
300 98 37
301 97 36
302 96 35
303 96 35
304 95 34
305 95 34
306 94 33
307 93 32
308 92 31
309 91 30
310 91 30
311 91 30
312 91 30
313 90 29
314 89 28
315 89 28
316 89 28
317 89 28
318 88 27
319 88 27
320 88 27
321 88 27
322 87 26
323 87 26
324 87 26
325 87 26
326 87 26
327 86 25
328 87 26
329 87 26
330 86 25
331 86 25
332 86 25
333 85 24
334 85 24
335 85 24
336 85 24
337 85 24
338 84 23
339 84 23
340 84 23
341 84 23
342 82 21
343 82 21
344 82 21
345 82 21
346 82 21
347 82 21
348 80 19
349 81 20
350 81 20
351 80 19
352 80 19
353 80 19
354 79 18
355 79 18
356 80 19
357 80 19
358 79 18
359 79 18
360 79 18
361 79 18
362 79 18
363 79 18
364 79 18
365 79 18
366 79 18
367 78 17
368 79 18
369 79 18
370 78 17
371 78 17
372 80 19
373 83 22
374 88 27
375 89 28
376 89 28
377 88 27
378 89 28
379 88 27
380 86 25
381 81 20
382 81 20
383 81 20
384 81 20
385 87 26
386 92 31
387 95 34
388 97 36
389 98 37
390 100 39
391 98 37
392 101 40
393 103 42
394 105 44
395 111 50
396 119 58
397 120 59
398 127 66
399 129 68
400 131 70
401 132 71
402 138 77
403 145 84
404 156 95
405 164 103
406 169 108
407 175 114
408 182 121
409 188 127
410 191 130
411 196 135
412 200 139
413 201 140
414 202 141
415 201 140
416 205 144
417 207 146
418 210 149
419 214 153
420 215 154
421 217 156
422 218 157
423 218 157
424 217 156
425 217 156
426 217 156
427 217 156
428 216 155
429 217 156
430 217 156
431 217 156
432 218 157
433 219 158
434 220 159
435 220 159
436 220 159
437 221 160
438 222 161
439 223 162
440 223 162
441 225 164
442 226 165
443 227 166
444 229 168
445 231 170
446 233 172
447 234 173
448 234 173
449 235 174
450 235 174
451 236 175
452 238 177
453 239 178
454 242 181
455 244 183
456 248 187
457 250 189
458 253 192
459 255 194
460 257 196
461 260 199
462 263 202
463 264 203
464 266 205
465 268 207
466 270 209
467 271 210
468 272 211
469 274 213
470 277 216
471 278 217
472 281 220
473 282 221
474 283 222
475 283 222
476 283 222
477 284 223
478 285 224
479 286 225
480 286 225
481 286 225
482 287 226
483 288 227
484 288 227
485 289 228
486 290 229
487 291 230
488 291 230
489 292 231
490 293 232
491 294 233
492 294 233
493 293 232
494 295 234
495 296 235
496 294 233
497 293 232
498 291 230
499 289 228
500 288 227
501 286 225
502 285 224
503 283 222
504 281 220
505 279 218
506 277 216
507 275 214
508 273 212
509 272 211
510 269 208
511 266 205
512 264 203
513 263 202
514 262 201
515 262 201
516 262 201
517 261 200
518 260 199
519 260 199
520 258 197
521 258 197
522 257 196
523 257 196
524 257 196
525 257 196
526 256 195
527 258 197
528 257 196
529 257 196
530 257 196
531 257 196
532 256 195
533 256 195
534 256 195
535 257 196
536 258 197
537 258 197
538 259 198
539 260 199
540 260 199
541 261 200
542 262 201
543 262 201
544 263 202
545 261 200
546 262 201
547 263 202
548 264 203
549 264 203
550 265 204
551 265 204
552 265 204
553 266 205
554 266 205
555 267 206
556 268 207
557 269 208
558 269 208
559 270 209
560 271 210
561 271 210
562 272 211
563 274 213
564 274 213
565 275 214
566 276 215
567 277 216
568 277 216
569 277 216
570 278 217
571 278 217
572 278 217
573 278 217
574 278 217
575 278 217
576 278 217
577 278 217
578 278 217
579 278 217
580 277 216
581 277 216
582 277 216
583 277 216
584 276 215
585 276 215
586 276 215
587 275 214
588 275 214
589 275 214
590 275 214
591 275 214
592 275 214
593 275 214
594 275 214
595 274 213
596 273 212
597 273 212
598 274 213
599 274 213
600 275 214
601 275 214
602 275 214
603 275 214
604 275 214
605 276 215
606 277 216
607 277 216
608 278 217
609 279 218
610 280 219
611 280 219
612 281 220
613 282 221
614 283 222
615 284 223
616 284 223
617 285 224
618 286 225
619 287 226
620 287 226
621 288 227
622 289 228
623 289 228
624 290 229
625 290 229
626 291 230
627 290 229
628 290 229
629 290 229
630 291 230
631 291 230
632 291 230
633 291 230
634 291 230
635 292 231
636 292 231
637 292 231
638 292 231
639 292 231
49 78 17
50 78 17
51 79 18
52 80 19
53 80 19
54 81 20
55 81 20
56 82 21
57 82 21
58 83 22
59 84 23
60 84 23
61 85 24
62 86 25
63 86 25
64 87 26
65 88 27
66 88 27
67 89 28
68 90 29
69 90 29
70 90 29
71 90 29
72 91 30
73 90 29
74 90 29
75 90 29
76 90 29
77 90 29
78 90 29
79 90 29
80 90 29
81 90 29
82 89 28
83 88 27
84 87 26
85 86 25
86 85 24
87 84 23
88 83 22
89 83 22
90 82 21
91 81 20
92 79 18
93 79 18
94 79 18
95 82 21
96 84 23
97 84 23
98 85 24
99 88 27
100 89 28
101 89 28
102 90 29
103 92 31
104 93 32
105 94 33
106 95 34
107 97 36
108 99 38
109 100 39
110 101 40
111 103 42
112 104 43
113 106 45
114 108 47
115 110 49
116 111 50
117 111 50
118 112 51
119 113 52
120 115 54
121 115 54
122 116 55
123 117 56
124 117 56
125 117 56
126 116 55
127 115 54
128 114 53
129 115 54
130 119 58
131 121 60
132 121 60
133 123 62
134 125 64
135 126 65
136 127 66
137 129 68
138 129 68
139 128 67
140 128 67
141 126 65
142 126 65
143 127 66
144 125 64
145 126 65
146 126 65
147 126 65
148 124 63
149 124 63
150 124 63
151 124 63
152 123 62
153 123 62
154 123 62
155 123 62
156 122 61
157 122 61
158 122 61
159 122 61
160 120 59
161 119 58
162 119 58
163 118 57
164 119 58
165 119 58
166 121 60
167 121 60
168 120 59
169 120 59
170 122 61
171 124 63
172 125 64
173 125 64
174 126 65
175 124 63
176 124 63
177 124 63
178 123 62
179 122 61
180 121 60
181 119 58
182 118 57
183 116 55
184 114 53
185 114 53
186 113 52
187 113 52
188 112 51
189 111 50
190 111 50
191 111 50
192 111 50
193 112 51
194 114 53
195 115 54
196 116 55
197 115 54
198 115 54
199 114 53
200 116 55
201 117 56
202 117 56
203 116 55
204 116 55
205 117 56
206 118 57
207 120 59
208 116 55
209 119 58
210 120 59
211 121 60
212 121 60
213 123 62
214 128 67
215 147 86
216 152 91
217 156 95
218 161 100
219 168 107
220 175 114
221 190 129
222 190 129
223 190 129
224 189 128
225 189 128
226 189 128
227 189 128
228 189 128
229 188 127
230 188 127
231 187 126
232 188 127
233 188 127
234 188 127
235 188 127
236 188 127
237 187 126
238 187 126
239 187 126
240 189 128
241 189 128
242 189 128
243 189 128
244 190 129
245 190 129
246 188 127
247 188 127
248 189 128
249 189 128
250 189 128
251 191 130
252 192 131
253 192 131
254 191 130
255 191 130
256 190 129
257 190 129
258 189 128
259 189 128
260 189 128
261 188 127
262 187 126
263 187 126
264 188 127
265 187 126
266 186 125
267 186 125
268 183 122
269 183 122
270 186 125
271 186 125
272 183 122
273 177 116
274 166 105
275 141 80
276 125 64
277 123 62
278 122 61
279 122 61
280 121 60
281 122 61
282 122 61
283 121 60
284 120 59
285 120 59
286 120 59
287 119 58
288 120 59
289 116 55
290 114 53
291 111 50
292 108 47
293 106 45
294 105 44
295 104 43
296 102 41
297 100 39
298 100 39
299 98 37
300 97 36
301 97 36
302 96 35
303 96 35
304 95 34
305 95 34
306 94 33
307 94 33
308 93 32
309 92 31
310 92 31
311 92 31
312 91 30
313 91 30
314 90 29
315 90 29
316 89 28
317 89 28
318 89 28
319 89 28
320 89 28
321 88 27
322 88 27
323 87 26
324 87 26
325 88 27
326 87 26
327 87 26
328 87 26
329 86 25
330 86 25
331 86 25
332 86 25
333 86 25
334 86 25
335 86 25
336 86 25
337 85 24
338 84 23
339 83 22
340 83 22
341 84 23
342 83 22
343 83 22
344 82 21
345 82 21
346 82 21
347 82 21
348 82 21
349 81 20
350 81 20
351 80 19
352 81 20
353 80 19
354 79 18
355 79 18
356 80 19
357 80 19
358 80 19
359 80 19
360 79 18
361 79 18
362 79 18
363 79 18
364 79 18
365 79 18
366 79 18
367 79 18
368 80 19
369 79 18
370 79 18
371 79 18
372 80 19
373 84 23
374 89 28
375 92 31
376 92 31
377 91 30
378 92 31
379 92 31
380 93 32
381 89 28
382 82 21
383 84 23
384 87 26
385 89 28
386 92 31
387 94 33
388 97 36
389 98 37
390 97 36
391 101 40
392 102 41
393 103 42
394 105 44
395 117 56
396 123 62
397 124 63
398 129 68
399 130 69
400 131 70
401 136 75
402 143 82
403 149 88
404 160 99
405 164 103
406 171 110
407 176 115
408 185 124
409 188 127
410 192 131
411 196 135
412 199 138
413 200 139
414 202 141
415 204 143
416 205 144
417 208 147
418 212 151
419 215 154
420 216 155
421 217 156
422 217 156
423 218 157
424 217 156
425 217 156
426 216 155
427 216 155
428 216 155
429 216 155
430 217 156
431 218 157
432 219 158
433 220 159
434 220 159
435 220 159
436 220 159
437 221 160
438 222 161
439 224 163
440 224 163
441 226 165
442 228 167
443 230 169
444 231 170
445 233 172
446 234 173
447 235 174
448 235 174
449 235 174
450 236 175
451 237 176
452 239 178
453 241 180
454 245 184
455 246 185
456 249 188
457 251 190
458 253 192
459 256 195
460 258 197
461 260 199
462 263 202
463 265 204
464 267 206
465 269 208
466 268 207
467 271 210
468 272 211
469 276 215
470 279 218
471 280 219
472 280 219
473 282 221
474 283 222
475 283 222
476 283 222
477 285 224
478 285 224
479 285 224
480 286 225
481 286 225
482 287 226
483 288 227
484 288 227
485 289 228
486 290 229
487 291 230
488 291 230
489 291 230
490 292 231
491 294 233
492 295 234
493 295 234
494 296 235
495 296 235
496 293 232
497 292 231
498 290 229
499 289 228
500 287 226
501 286 225
502 284 223
503 282 221
504 281 220
505 279 218
506 277 216
507 275 214
508 273 212
509 270 209
510 268 207
511 266 205
512 263 202
513 262 201
514 262 201
515 262 201
516 262 201
517 262 201
518 261 200
519 259 198
520 259 198
521 258 197
522 258 197
523 258 197
524 258 197
525 258 197
526 257 196
527 256 195
528 257 196
529 257 196
530 257 196
531 257 196
532 258 197
533 258 197
534 258 197
535 258 197
536 259 198
537 260 199
538 261 200
539 260 199
540 261 200
541 261 200
542 262 201
543 263 202
544 264 203
545 265 204
546 262 201
547 263 202
548 264 203
549 264 203
550 265 204
551 265 204
552 266 205
553 266 205
554 266 205
555 267 206
556 268 207
557 268 207
558 269 208
559 270 209
560 271 210
561 272 211
562 273 212
563 274 213
564 275 214
565 275 214
566 276 215
567 277 216
568 277 216
569 277 216
570 278 217
571 278 217
572 278 217
573 278 217
574 278 217
575 278 217
576 278 217
577 278 217
578 278 217
579 278 217
580 278 217
581 278 217
582 277 216
583 277 216
584 277 216
585 277 216
586 277 216
587 276 215
588 276 215
589 275 214
590 275 214
591 275 214
592 275 214
593 275 214
594 275 214
595 275 214
596 274 213
597 274 213
598 275 214
599 275 214
600 276 215
601 275 214
602 275 214
603 275 214
604 276 215
605 276 215
606 277 216
607 278 217
608 279 218
609 279 218
610 281 220
611 281 220
612 282 221
613 283 222
614 284 223
615 285 224
616 286 225
617 286 225
618 287 226
619 288 227
620 288 227
621 289 228
622 290 229
623 291 230
624 291 230
625 292 231
626 292 231
627 291 230
628 291 230
629 291 230
630 291 230
631 291 230
632 291 230
633 292 231
634 292 231
635 293 232
636 292 231
637 292 231
638 292 231
639 293 232
53 75 17
54 76 18
55 76 18
56 77 19
57 78 20
58 78 20
59 79 21
60 80 22
61 81 23
62 81 23
63 82 24
64 83 25
65 83 25
66 84 26
67 85 27
68 85 27
69 86 28
70 87 29
71 87 29
72 88 30
73 88 30
74 89 31
75 90 32
76 90 32
77 91 33
78 92 34
79 92 34
80 93 35
81 94 36
82 94 36
83 95 37
84 95 37
85 95 37
86 95 37
87 95 37
88 95 37
89 95 37
90 95 37
91 95 37
92 94 36
93 94 36
94 94 36
95 94 36
96 92 34
97 92 34
98 91 33
99 90 32
100 89 31
101 88 30
102 87 29
103 86 28
104 85 27
105 84 26
106 83 25
107 83 25
108 86 28
109 88 30
110 89 31
111 90 32
112 91 33
113 91 33
114 93 35
115 94 36
116 95 37
117 96 38
118 98 40
119 99 41
120 100 42
121 101 43
122 102 44
123 106 48
124 107 49
125 108 50
126 110 52
127 110 52
128 112 54
129 113 55
130 115 57
131 116 58
132 116 58
133 118 60
134 119 61
135 119 61
136 120 62
137 118 60
138 120 62
139 120 62
140 119 61
141 119 61
142 118 60
143 123 65
144 125 67
145 127 69
146 128 70
147 130 72
148 132 74
149 132 74
150 132 74
151 131 73
152 130 72
153 130 72
154 129 71
155 130 72
156 130 72
157 128 70
158 129 71
159 128 70
160 127 69
161 127 69
162 127 69
163 127 69
164 127 69
165 126 68
166 127 69
167 126 68
168 125 67
169 125 67
170 125 67
171 126 68
172 125 67
173 123 65
174 123 65
175 122 64
176 123 65
177 122 64
178 122 64
179 122 64
180 122 64
181 122 64
182 123 65
183 123 65
184 123 65
185 124 66
186 126 68
187 126 68
188 125 67
189 125 67
190 124 66
191 124 66
192 123 65
193 123 65
194 121 63
195 120 62
196 120 62
197 118 60
198 117 59
199 116 58
200 115 57
201 115 57
202 115 57
203 115 57
204 114 56
205 115 57
206 117 59
207 117 59
208 118 60
209 118 60
210 117 59
211 116 58
212 115 57
213 115 57
214 115 57
215 115 57
216 115 57
217 115 57
218 115 57
219 116 58
220 116 58
221 117 59
222 118 60
223 120 62
224 123 65
225 129 71
226 153 95
227 156 98
228 161 103
229 164 106
230 169 111
231 178 120
232 196 138
233 196 138
234 195 137
235 195 137
236 195 137
237 195 137
238 195 137
239 195 137
240 194 136
241 194 136
242 196 138
243 196 138
244 195 137
245 195 137
246 195 137
247 195 137
248 194 136
249 194 136
250 196 138
251 196 138
252 195 137
253 195 137
254 197 139
255 198 140
256 195 137
257 195 137
258 196 138
259 196 138
260 195 137
261 195 137
262 195 137
263 195 137
264 194 136
265 194 136
266 194 136
267 194 136
268 194 136
269 194 136
270 194 136
271 194 136
272 191 133
273 191 133
274 191 133
275 191 133
276 191 133
277 191 133
278 191 133
279 191 133
280 191 133
281 191 133
282 190 132
283 184 126
284 176 118
285 165 107
286 135 77
287 131 73
288 131 73
289 130 72
290 130 72
291 130 72
292 130 72
293 130 72
294 130 72
295 129 71
296 130 72
297 128 70
298 128 70
299 124 66
300 124 66
301 126 68
302 117 59
303 116 58
304 115 57
305 113 55
306 112 54
307 111 53
308 110 52
309 109 51
310 108 50
311 107 49
312 105 47
313 105 47
314 105 47
315 104 46
316 103 45
317 103 45
318 103 45
319 102 44
320 101 43
321 101 43
322 100 42
323 100 42
324 99 41
325 99 41
326 99 41
327 98 40
328 98 40
329 97 39
330 97 39
331 96 38
332 96 38
333 96 38
334 96 38
335 96 38
336 96 38
337 96 38
338 96 38
339 95 37
340 95 37
341 95 37
342 94 36
343 94 36
344 94 36
345 94 36
346 94 36
347 94 36
348 94 36
349 93 35
350 93 35
351 93 35
352 92 34
353 92 34
354 92 34
355 91 33
356 91 33
357 91 33
358 90 32
359 90 32
360 90 32
361 90 32
362 90 32
363 90 32
364 90 32
365 89 31
366 89 31
367 88 30
368 88 30
369 88 30
370 88 30
371 88 30
372 88 30
373 88 30
374 88 30
375 88 30
376 88 30
377 88 30
378 88 30
379 88 30
380 88 30
381 88 30
382 88 30
383 90 32
384 95 37
385 101 43
386 101 43
387 101 43
388 103 45
389 102 44
390 101 43
391 96 38
392 89 31
393 90 32
394 92 34
395 98 40
396 100 42
397 103 45
398 105 47
399 105 47
400 105 47
401 105 47
402 108 50
403 109 51
404 112 54
405 120 62
406 130 72
407 133 75
408 136 78
409 141 83
410 141 83
411 146 88
412 153 95
413 158 100
414 166 108
415 173 115
416 183 125
417 190 132
418 196 138
419 200 142
420 204 146
421 206 148
422 208 150
423 209 151
424 209 151
425 210 152
426 213 155
427 215 157
428 217 159
429 219 161
430 223 165
431 223 165
432 224 166
433 225 167
434 225 167
435 225 167
436 226 168
437 225 167
438 223 165
439 223 165
440 223 165
441 224 166
442 227 169
443 228 170
444 229 171
445 230 172
446 230 172
447 230 172
448 231 173
449 232 174
450 233 175
451 234 176
452 235 177
453 236 178
454 237 179
455 238 180
456 239 181
457 240 182
458 242 184
459 243 185
460 244 186
461 244 186
462 245 187
463 247 189
464 250 192
465 253 195
466 255 197
467 257 199
468 259 201
469 262 204
470 264 206
471 266 208
472 270 212
473 271 213
474 274 216
475 276 218
476 277 219
477 278 220
478 280 222
479 283 225
480 284 226
481 285 227
482 287 229
483 288 230
484 289 231
485 290 232
486 291 233
487 291 233
488 291 233
489 291 233
490 292 234
491 292 234
492 293 235
493 294 236
494 294 236
495 295 237
496 295 237
497 296 238
498 297 239
499 298 240
500 300 242
501 300 242
502 301 243
503 300 242
504 301 243
505 301 243
506 301 243
507 299 241
508 297 239
509 296 238
510 296 238
511 295 237
512 293 235
513 291 233
514 290 232
515 289 231
516 287 229
517 285 227
518 283 225
519 282 224
520 279 221
521 278 220
522 276 218
523 274 216
524 272 214
525 270 212
526 270 212
527 268 210
528 267 209
529 267 209
530 266 208
531 265 207
532 265 207
533 265 207
534 264 206
535 264 206
536 264 206
537 264 206
538 265 207
539 265 207
540 264 206
541 265 207
542 265 207
543 266 208
544 265 207
545 266 208
546 266 208
547 266 208
548 266 208
549 267 209
550 267 209
551 268 210
552 269 211
553 269 211
554 270 212
555 270 212
556 271 213
557 270 212
558 271 213
559 271 213
560 272 214
561 273 215
562 273 215
563 274 216
564 274 216
565 274 216
566 274 216
567 275 217
568 275 217
569 276 218
570 277 219
571 277 219
572 278 220
573 278 220
574 279 221
575 279 221
576 280 222
577 281 223
578 282 224
579 282 224
580 283 225
581 284 226
582 284 226
583 284 226
584 285 227
585 285 227
586 285 227
587 285 227
588 285 227
589 285 227
590 285 227
591 285 227
592 284 226
593 284 226
594 284 226
595 283 225
596 283 225
597 282 224
598 282 224
599 281 223
600 282 224
601 281 223
602 281 223
603 282 224
604 282 224
605 282 224
606 282 224
607 282 224
608 282 224
609 282 224
610 282 224
611 283 225
612 283 225
613 283 225
614 283 225
615 283 225
616 284 226
617 284 226
618 285 227
619 286 228
620 286 228
621 287 229
622 288 230
623 288 230
624 289 231
625 290 232
626 291 233
627 292 234
628 292 234
629 293 235
630 294 236
631 295 237
632 295 237
633 296 238
634 296 238
635 296 238
636 297 239
637 297 239
638 296 238
639 296 238
53 75 17
54 76 18
55 76 18
56 77 19
57 78 20
58 79 21
59 79 21
60 80 22
61 81 23
62 81 23
63 82 24
64 82 24
65 83 25
66 84 26
67 84 26
68 85 27
69 86 28
70 86 28
71 87 29
72 88 30
73 88 30
74 89 31
75 90 32
76 90 32
77 91 33
78 92 34
79 92 34
80 93 35
81 93 35
82 94 36
83 94 36
84 95 37
85 95 37
86 95 37
87 95 37
88 95 37
89 95 37
90 95 37
91 94 36
92 95 37
93 94 36
94 94 36
95 93 35
96 92 34
97 92 34
98 91 33
99 90 32
100 89 31
101 88 30
102 87 29
103 86 28
104 85 27
105 84 26
106 83 25
107 82 24
108 87 29
109 87 29
110 89 31
111 90 32
112 90 32
113 93 35
114 93 35
115 95 37
116 96 38
117 97 39
118 98 40
119 100 42
120 100 42
121 101 43
122 103 45
123 104 46
124 106 48
125 108 50
126 110 52
127 111 53
128 112 54
129 113 55
130 115 57
131 116 58
132 117 59
133 118 60
134 118 60
135 119 61
136 119 61
137 122 64
138 120 62
139 119 61
140 119 61
141 119 61
142 118 60
143 124 66
144 122 64
145 126 68
146 129 71
147 130 72
148 130 72
149 130 72
150 131 73
151 132 74
152 130 72
153 130 72
154 130 72
155 130 72
156 129 71
157 129 71
158 128 70
159 127 69
160 128 70
161 128 70
162 128 70
163 127 69
164 127 69
165 125 67
166 125 67
167 125 67
168 123 65
169 124 66
170 124 66
171 124 66
172 124 66
173 123 65
174 122 64
175 122 64
176 123 65
177 123 65
178 123 65
179 123 65
180 123 65
181 122 64
182 122 64
183 123 65
184 126 68
185 126 68
186 127 69
187 128 70
188 127 69
189 125 67
190 125 67
191 124 66
192 121 63
193 121 63
194 120 62
195 120 62
196 119 61
197 117 59
198 116 58
199 115 57
200 114 56
201 114 56
202 114 56
203 114 56
204 115 57
205 115 57
206 116 58
207 116 58
208 117 59
209 117 59
210 116 58
211 116 58
212 116 58
213 115 57
214 115 57
215 115 57
216 115 57
217 115 57
218 115 57
219 116 58
220 116 58
221 118 60
222 120 62
223 122 64
224 123 65
225 133 75
226 153 95
227 156 98
228 160 102
229 165 107
230 170 112
231 179 121
232 193 135
233 193 135
234 193 135
235 194 136
236 194 136
237 194 136
238 193 135
239 193 135
240 194 136
241 194 136
242 194 136
243 195 137
244 195 137
245 194 136
246 194 136
247 194 136
248 194 136
249 193 135
250 193 135
251 195 137
252 195 137
253 196 138
254 196 138
255 196 138
256 193 135
257 194 136
258 195 137
259 195 137
260 195 137
261 194 136
262 194 136
263 194 136
264 195 137
265 194 136
266 193 135
267 190 132
268 190 132
269 190 132
270 192 134
271 192 134
272 193 135
273 192 134
274 191 133
275 191 133
276 192 134
277 192 134
278 190 132
279 189 131
280 186 128
281 188 130
282 189 131
283 185 127
284 176 118
285 165 107
286 132 74
287 128 70
288 127 69
289 128 70
290 129 71
291 129 71
292 127 69
293 128 70
294 127 69
295 129 71
296 122 64
297 122 64
298 117 59
299 115 57
300 114 56
301 113 55
302 112 54
303 111 53
304 109 51
305 108 50
306 107 49
307 106 48
308 105 47
309 105 47
310 104 46
311 104 46
312 103 45
313 103 45
314 102 44
315 102 44
316 101 43
317 100 42
318 100 42
319 100 42
320 99 41
321 99 41
322 99 41
323 98 40
324 98 40
325 97 39
326 97 39
327 96 38
328 97 39
329 96 38
330 96 38
331 96 38
332 96 38
333 96 38
334 96 38
335 96 38
336 95 37
337 95 37
338 95 37
339 95 37
340 94 36
341 94 36
342 93 35
343 93 35
344 93 35
345 93 35
346 93 35
347 92 34
348 91 33
349 91 33
350 90 32
351 90 32
352 90 32
353 90 32
354 90 32
355 90 32
356 89 31
357 89 31
358 89 31
359 89 31
360 89 31
361 89 31
362 89 31
363 88 30
364 88 30
365 88 30
366 88 30
367 88 30
368 87 29
369 88 30
370 88 30
371 88 30
372 88 30
373 88 30
374 88 30
375 92 34
376 94 36
377 94 36
378 94 36
379 94 36
380 91 33
381 89 31
382 89 31
383 89 31
384 89 31
385 89 31
386 90 32
387 90 32
388 91 33
389 93 35
390 95 37
391 95 37
392 99 41
393 97 39
394 94 36
395 92 34
396 93 35
397 93 35
398 94 36
399 97 39
400 102 44
401 109 51
402 119 61
403 124 66
404 131 73
405 136 78
406 141 83
407 143 85
408 149 91
409 152 94
410 157 99
411 161 103
412 174 116
413 187 129
414 195 137
415 200 142
416 204 146
417 207 149
418 211 153
419 213 155
420 214 156
421 214 156
422 213 155
423 213 155
424 213 155
425 213 155
426 214 156
427 217 159
428 217 159
429 217 159
430 221 163
431 223 165
432 221 163
433 219 161
434 219 161
435 219 161
436 220 162
437 221 163
438 223 165
439 223 165
440 223 165
441 225 167
442 226 168
443 227 169
444 227 169
445 227 169
446 228 170
447 230 172
448 231 173
449 231 173
450 232 174
451 233 175
452 234 176
453 234 176
454 236 178
455 238 180
456 238 180
457 240 182
458 242 184
459 242 184
460 243 185
461 243 185
462 244 186
463 247 189
464 249 191
465 251 193
466 254 196
467 256 198
468 259 201
469 261 203
470 263 205
471 265 207
472 268 210
473 270 212
474 273 215
475 274 216
476 275 217
477 276 218
478 278 220
479 281 223
480 284 226
481 285 227
482 286 228
483 286 228
484 288 230
485 289 231
486 290 232
487 290 232
488 291 233
489 291 233
490 291 233
491 291 233
492 291 233
493 292 234
494 293 235
495 295 237
496 296 238
497 296 238
498 297 239
499 298 240
500 298 240
501 299 241
502 300 242
503 300 242
504 300 242
505 300 242
506 300 242
507 299 241
508 298 240
509 297 239
510 296 238
511 294 236
512 292 234
513 291 233
514 290 232
515 289 231
516 286 228
517 285 227
518 283 225
519 281 223
520 279 221
521 277 219
522 275 217
523 273 215
524 271 213
525 270 212
526 269 211
527 268 210
528 268 210
529 267 209
530 266 208
531 265 207
532 264 206
533 264 206
534 264 206
535 264 206
536 264 206
537 264 206
538 264 206
539 265 207
540 265 207
541 265 207
542 265 207
543 265 207
544 265 207
545 265 207
546 266 208
547 266 208
548 266 208
549 266 208
550 267 209
551 268 210
552 269 211
553 269 211
554 270 212
555 270 212
556 271 213
557 269 211
558 270 212
559 271 213
560 271 213
561 272 214
562 273 215
563 273 215
564 273 215
565 273 215
566 274 216
567 274 216
568 275 217
569 276 218
570 277 219
571 277 219
572 278 220
573 278 220
574 279 221
575 279 221
576 280 222
577 280 222
578 281 223
579 282 224
580 283 225
581 284 226
582 284 226
583 284 226
584 284 226
585 284 226
586 284 226
587 284 226
588 284 226
589 284 226
590 284 226
591 284 226
592 284 226
593 284 226
594 284 226
595 283 225
596 283 225
597 283 225
598 283 225
599 282 224
600 281 223
601 281 223
602 281 223
603 281 223
604 281 223
605 281 223
606 281 223
607 281 223
608 282 224
609 282 224
610 282 224
611 283 225
612 283 225
613 283 225
614 283 225
615 283 225
616 283 225
617 283 225
618 284 226
619 285 227
620 286 228
621 287 229
622 287 229
623 288 230
624 289 231
625 290 232
626 291 233
627 292 234
628 292 234
629 293 235
630 294 236
631 294 236
632 295 237
633 295 237
634 296 238
635 296 238
636 296 238
637 296 238
638 296 238
639 296 238
53 75 18
54 75 18
55 76 19
56 77 20
57 77 20
58 78 21
59 79 22
60 79 22
61 80 23
62 81 24
63 81 24
64 82 25
65 83 26
66 83 26
67 84 27
68 85 28
69 85 28
70 86 29
71 87 30
72 87 30
73 88 31
74 89 32
75 89 32
76 90 33
77 90 33
78 91 34
79 92 35
80 92 35
81 93 36
82 93 36
83 93 36
84 94 37
85 94 37
86 94 37
87 94 37
88 93 36
89 93 36
90 93 36
91 93 36
92 93 36
93 93 36
94 93 36
95 92 35
96 91 34
97 90 33
98 89 32
99 88 31
100 87 30
101 86 29
102 85 28
103 84 27
104 83 26
105 82 25
106 81 24
107 84 27
108 86 29
109 87 30
110 89 32
111 89 32
112 90 33
113 92 35
114 93 36
115 94 37
116 95 38
117 96 39
118 98 41
119 99 42
120 100 43
121 101 44
122 103 46
123 106 49
124 107 50
125 109 52
126 110 53
127 111 54
128 112 55
129 113 56
130 115 58
131 116 59
132 117 60
133 118 61
134 118 61
135 119 62
136 119 62
137 118 61
138 120 63
139 119 62
140 118 61
141 117 60
142 116 59
143 120 63
144 123 66
145 125 68
146 129 72
147 131 74
148 130 73
149 130 73
150 129 72
151 129 72
152 127 70
153 128 71
154 128 71
155 127 70
156 127 70
157 127 70
158 127 70
159 127 70
160 126 69
161 126 69
162 126 69
163 126 69
164 126 69
165 126 69
166 126 69
167 125 68
168 123 66
169 124 67
170 124 67
171 124 67
172 123 66
173 121 64
174 121 64
175 120 63
176 122 65
177 121 64
178 121 64
179 121 64
180 122 65
181 123 66
182 124 67
183 125 68
184 123 66
185 125 68
186 127 70
187 125 68
188 124 67
189 123 66
190 122 65
191 123 66
192 120 63
193 120 63
194 119 62
195 118 61
196 116 59
197 115 58
198 114 57
199 113 56
200 112 55
201 112 55
202 114 57
203 114 57
204 114 57
205 115 58
206 116 59
207 117 60
208 117 60
209 116 59
210 115 58
211 115 58
212 114 57
213 115 58
214 115 58
215 115 58
216 114 57
217 115 58
218 117 60
219 116 59
220 116 59
221 118 61
222 120 63
223 122 65
224 126 69
225 149 92
226 153 96
227 156 99
228 163 106
229 167 110
230 175 118
231 191 134
232 192 135
233 192 135
234 192 135
235 192 135
236 192 135
237 192 135
238 192 135
239 192 135
240 192 135
241 192 135
242 192 135
243 193 136
244 193 136
245 192 135
246 192 135
247 192 135
248 193 136
249 193 136
250 194 137
251 195 138
252 195 138
253 195 138
254 194 137
255 194 137
256 193 136
257 193 136
258 192 135
259 193 136
260 194 137
261 194 137
262 193 136
263 191 134
264 191 134
265 190 133
266 190 133
267 190 133
268 190 133
269 191 134
270 191 134
271 191 134
272 189 132
273 189 132
274 189 132
275 189 132
276 188 131
277 188 131
278 188 131
279 187 130
280 187 130
281 187 130
282 184 127
283 179 122
284 167 110
285 136 79
286 126 69
287 126 69
288 126 69
289 126 69
290 125 68
291 126 69
292 125 68
293 125 68
294 125 68
295 123 66
296 121 64
297 119 62
298 113 56
299 112 55
300 111 54
301 110 53
302 108 51
303 107 50
304 106 49
305 104 47
306 103 46
307 103 46
308 102 45
309 102 45
310 101 44
311 101 44
312 100 43
313 99 42
314 99 42
315 99 42
316 99 42
317 98 41
318 97 40
319 97 40
320 96 39
321 95 38
322 94 37
323 94 37
324 94 37
325 94 37
326 94 37
327 94 37
328 94 37
329 93 36
330 93 36
331 93 36
332 94 37
333 93 36
334 93 36
335 93 36
336 92 35
337 92 35
338 91 34
339 91 34
340 91 34
341 91 34
342 90 33
343 90 33
344 90 33
345 90 33
346 89 32
347 89 32
348 87 30
349 87 30
350 87 30
351 88 31
352 87 30
353 87 30
354 87 30
355 86 29
356 86 29
357 86 29
358 86 29
359 86 29
360 87 30
361 85 28
362 85 28
363 86 29
364 86 29
365 86 29
366 85 28
367 85 28
368 86 29
369 85 28
370 84 27
371 85 28
372 86 29
373 85 28
374 84 27
375 85 28
376 91 34
377 92 35
378 93 36
379 95 38
380 94 37
381 91 34
382 86 29
383 87 30
384 87 30
385 88 31
386 89 32
387 88 31
388 88 31
389 92 35
390 94 37
391 96 39
392 98 41
393 98 41
394 97 40
395 96 39
396 91 34
397 90 33
398 91 34
399 95 38
400 101 44
401 108 51
402 114 57
403 122 65
404 128 71
405 130 73
406 139 82
407 144 87
408 149 92
409 151 94
410 159 102
411 166 109
412 175 118
413 187 130
414 194 137
415 199 142
416 201 144
417 204 147
418 208 151
419 210 153
420 211 154
421 211 154
422 210 153
423 210 153
424 212 155
425 212 155
426 213 156
427 215 158
428 216 159
429 217 160
430 220 163
431 222 165
432 220 163
433 218 161
434 218 161
435 218 161
436 217 160
437 218 161
438 220 163
439 220 163
440 221 164
441 222 165
442 224 167
443 224 167
444 225 168
445 227 170
446 226 169
447 227 170
448 230 173
449 230 173
450 231 174
451 231 174
452 231 174
453 233 176
454 235 178
455 236 179
456 235 178
457 238 181
458 239 182
459 240 183
460 240 183
461 241 184
462 242 185
463 244 187
464 248 191
465 250 193
466 252 195
467 254 197
468 256 199
469 258 201
470 262 205
471 264 207
472 267 210
473 269 212
474 271 214
475 273 216
476 276 219
477 276 219
478 277 220
479 278 221
480 281 224
481 283 226
482 285 228
483 285 228
484 286 229
485 287 230
486 287 230
487 288 231
488 289 232
489 289 232
490 289 232
491 290 233
492 291 234
493 290 233
494 291 234
495 292 235
496 293 236
497 294 237
498 295 238
499 296 239
500 297 240
501 297 240
502 297 240
503 297 240
504 298 241
505 299 242
506 299 242
507 297 240
508 296 239
509 295 238
510 293 236
511 291 234
512 289 232
513 288 231
514 286 229
515 285 228
516 283 226
517 282 225
518 281 224
519 279 222
520 276 219
521 274 217
522 272 215
523 270 213
524 268 211
525 267 210
526 266 209
527 266 209
528 265 208
529 264 207
530 264 207
531 263 206
532 262 205
533 261 204
534 261 204
535 261 204
536 260 203
537 262 205
538 263 206
539 262 205
540 262 205
541 262 205
542 263 206
543 262 205
544 262 205
545 263 206
546 264 207
547 263 206
548 264 207
549 264 207
550 265 208
551 265 208
552 266 209
553 267 210
554 268 211
555 268 211
556 266 209
557 267 210
558 268 211
559 269 212
560 269 212
561 270 213
562 270 213
563 270 213
564 270 213
565 271 214
566 271 214
567 271 214
568 273 216
569 274 217
570 274 217
571 275 218
572 276 219
573 276 219
574 277 220
575 277 220
576 279 222
577 279 222
578 280 223
579 280 223
580 281 224
581 282 225
582 282 225
583 282 225
584 282 225
585 282 225
586 282 225
587 282 225
588 282 225
589 282 225
590 282 225
591 282 225
592 282 225
593 282 225
594 282 225
595 281 224
596 281 224
597 280 223
598 281 224
599 280 223
600 279 222
601 279 222
602 279 222
603 278 221
604 279 222
605 279 222
606 279 222
607 279 222
608 280 223
609 280 223
610 280 223
611 280 223
612 280 223
613 280 223
614 280 223
615 280 223
616 281 224
617 281 224
618 282 225
619 282 225
620 283 226
621 284 227
622 285 228
623 286 229
624 287 230
625 288 231
626 288 231
627 289 232
628 290 233
629 290 233
630 291 234
631 292 235
632 293 236
633 293 236
634 294 237
635 294 237
636 295 238
637 295 238
638 294 237
639 294 237
39 53 16
40 54 17
41 55 18
42 55 18
43 56 19
44 57 20
45 58 21
46 58 21
47 59 22
48 59 22
49 60 23
50 61 24
51 62 25
52 62 25
53 63 26
54 64 27
55 65 28
56 66 29
57 66 29
58 67 30
59 68 31
60 68 31
61 69 32
62 70 33
63 71 34
64 72 35
65 72 35
66 74 37
67 75 38
68 75 38
69 76 39
70 77 40
71 78 41
72 78 41
73 79 42
74 81 44
75 82 45
76 82 45
77 83 46
78 84 47
79 85 48
80 85 48
81 86 49
82 87 50
83 88 51
84 89 52
85 90 53
86 90 53
87 91 54
88 92 55
89 92 55
90 94 57
91 94 57
92 95 58
93 95 58
94 96 59
95 96 59
96 96 59
97 95 58
98 95 58
99 93 56
100 93 56
101 95 58
102 95 58
103 94 57
104 93 56
105 91 54
106 90 53
107 90 53
108 89 52
109 88 51
110 87 50
111 88 51
112 92 55
113 89 52
114 86 49
115 93 56
116 90 53
117 88 51
118 88 51
166 152 115
167 150 113
168 147 110
169 144 107
170 142 105
171 140 103
172 138 101
173 137 100
174 134 97
199 149 112
200 144 107
201 140 103
202 135 98
203 131 94
204 127 90
205 124 87
206 120 83
207 118 81
208 115 78
209 114 77
210 110 73
211 106 69
212 109 72
213 115 78
214 144 107
215 145 108
216 143 106
217 140 103
295 65 28
296 66 29
297 67 30
298 67 30
299 67 30
300 67 30
301 68 31
302 68 31
303 68 31
304 69 32
305 69 32
306 68 31
307 68 31
308 68 31
309 68 31
310 68 31
311 69 32
312 68 31
313 68 31
314 68 31
315 69 32
316 69 32
317 69 32
318 68 31
319 68 31
320 68 31
321 68 31
322 68 31
323 69 32
324 69 32
325 69 32
326 68 31
327 68 31
328 68 31
329 68 31
330 68 31
331 68 31
332 69 32
333 69 32
334 68 31
335 68 31
336 68 31
337 68 31
338 68 31
339 68 31
340 68 31
341 68 31
342 68 31
343 68 31
344 68 31
345 68 31
346 68 31
347 68 31
348 68 31
349 68 31
350 68 31
351 68 31
352 68 31
353 68 31
354 68 31
355 68 31
356 68 31
357 68 31
358 68 31
359 68 31
360 68 31
361 68 31
362 69 32
363 68 31
364 68 31
365 68 31
366 68 31
367 68 31
368 68 31
369 68 31
370 68 31
371 68 31
372 68 31
373 68 31
374 68 31
375 68 31
376 67 30
377 67 30
378 68 31
379 68 31
380 68 31
381 68 31
382 68 31
383 68 31
384 68 31
385 68 31
386 68 31
387 67 30
388 67 30
389 67 30
390 67 30
391 67 30
392 67 30
393 67 30
394 67 30
395 67 30
396 67 30
397 67 30
398 67 30
399 67 30
400 67 30
401 67 30
402 67 30
403 67 30
404 67 30
405 67 30
406 67 30
407 67 30
408 67 30
409 67 30
410 67 30
411 67 30
412 67 30
413 66 29
414 66 29
415 66 29
416 67 30
417 66 29
418 66 29
419 66 29
420 64 27
421 63 26
422 65 28
423 65 28
424 65 28
425 64 27
426 62 25
427 159 122
428 200 163
429 264 227
430 273 236
431 276 239
432 298 261
433 292 255
434 287 250
435 288 251
436 292 255
437 290 253
438 288 251
439 293 256
440 296 259
441 299 262
442 298 261
443 284 247
451 232 195
452 234 197
453 237 200
454 240 203
455 242 205
456 245 208
457 247 210
458 250 213
459 252 215
460 255 218
461 258 221
462 260 223
463 262 225
464 265 228
465 269 232
466 270 233
467 275 238
468 276 239
469 279 242
470 281 244
471 282 245
472 286 249
473 287 250
474 291 254
475 295 258
476 297 260
477 298 261
478 300 263
479 302 265
480 305 268
481 306 269
482 308 271
483 309 272
484 310 273
485 311 274
486 313 276
487 313 276
488 314 277
489 315 278
490 315 278
491 315 278
492 316 279
493 317 280
494 317 280
495 318 281
496 319 282
497 320 283
498 321 284
499 322 285
500 324 287
501 326 289
502 328 291
503 329 292
504 331 294
505 332 295
506 335 298
507 337 300
508 339 302
509 341 304
510 344 307
511 346 309
512 348 311
513 350 313
514 353 316
515 355 318
516 357 320
517 360 323
518 362 325
519 364 327
520 367 330
521 368 331
522 371 334
523 371 334
524 375 338
525 376 339
526 378 341
527 381 344
528 383 346
529 384 347
530 386 349
531 388 351
532 389 352
533 390 353
534 390 353
535 391 354
536 391 354
537 390 353
538 390 353
539 389 352
540 386 349
541 383 346
542 359 322
543 323 286
544 298 261
545 289 252
546 285 248
547 285 248
548 284 247
549 283 246
550 283 246
551 280 243
552 279 242
553 276 239
554 274 237
555 274 237
556 276 239
557 276 239
558 276 239
559 276 239
560 278 241
561 279 242
562 280 243
563 280 243
564 282 245
565 283 246
566 285 248
567 287 250
568 289 252
569 289 252
570 291 254
571 292 255
572 293 256
573 294 257
574 295 258
575 296 259
576 297 260
577 297 260
578 298 261
579 300 263
580 301 264
581 302 265
582 304 267
583 304 267
584 306 269
585 307 270
586 308 271
587 309 272
588 310 273
589 311 274
590 313 276
591 314 277
592 316 279
593 317 280
594 318 281
595 320 283
596 322 285
597 323 286
598 325 288
599 325 288
600 327 290
601 328 291
602 329 292
603 330 293
604 331 294
605 331 294
606 331 294
607 331 294
608 332 295
609 332 295
610 333 296
611 333 296
612 334 297
613 334 297
614 334 297
615 334 297
616 334 297
617 334 297
618 334 297
619 334 297
620 333 296
621 333 296
622 333 296
623 333 296
624 334 297
625 333 296
626 333 296
627 334 297
628 334 297
629 334 297
630 333 296
631 333 296
632 333 296
633 333 296
634 333 296
635 333 296
636 332 295
637 332 295
638 332 295
639 332 295
40 54 16
41 55 17
42 56 18
43 56 18
44 57 19
45 58 20
46 59 21
47 59 21
48 60 22
49 60 22
50 61 23
51 62 24
52 62 24
53 63 25
54 64 26
55 64 26
56 66 28
57 66 28
58 67 29
59 68 30
60 69 31
61 69 31
62 70 32
63 71 33
64 72 34
65 73 35
66 74 36
67 75 37
68 76 38
69 76 38
70 77 39
71 78 40
72 79 41
73 80 42
74 81 43
75 82 44
76 82 44
77 83 45
78 84 46
79 85 47
80 86 48
81 86 48
82 87 49
83 88 50
84 89 51
85 89 51
86 90 52
87 91 53
88 92 54
89 92 54
90 93 55
91 94 56
92 95 57
93 96 58
94 96 58
95 97 59
96 96 58
97 96 58
98 95 57
99 93 55
100 93 55
101 95 57
102 93 55
103 93 55
104 93 55
105 92 54
106 90 52
107 89 51
108 90 52
109 89 51
110 91 53
111 90 52
112 92 54
113 91 53
114 90 52
115 89 51
116 91 53
117 87 49
118 88 50
119 90 52
166 152 114
167 149 111
168 147 109
169 145 107
170 142 104
171 139 101
172 138 100
173 135 97
174 138 100
199 149 111
200 143 105
201 139 101
202 135 97
203 130 92
204 127 89
205 123 85
206 119 81
207 118 80
208 115 77
209 114 76
210 111 73
211 106 68
212 109 71
213 117 79
214 144 106
215 143 105
216 142 104
217 139 101
295 66 28
296 68 30
297 68 30
298 67 29
299 67 29
300 67 29
301 67 29
302 67 29
303 68 30
304 68 30
305 68 30
306 68 30
307 69 31
308 69 31
309 68 30
310 68 30
311 67 29
312 67 29
313 68 30
314 68 30
315 68 30
316 68 30
317 68 30
318 68 30
319 68 30
320 68 30
321 68 30
322 68 30
323 68 30
324 68 30
325 68 30
326 68 30
327 68 30
328 68 30
329 68 30
330 68 30
331 68 30
332 68 30
333 68 30
334 68 30
335 68 30
336 68 30
337 68 30
338 68 30
339 68 30
340 68 30
341 68 30
342 68 30
343 67 29
344 67 29
345 67 29
346 68 30
347 68 30
348 68 30
349 68 30
350 68 30
351 67 29
352 68 30
353 68 30
354 68 30
355 68 30
356 68 30
357 68 30
358 68 30
359 68 30
360 67 29
361 67 29
362 67 29
363 68 30
364 68 30
365 68 30
366 68 30
367 68 30
368 68 30
369 68 30
370 68 30
371 68 30
372 68 30
373 68 30
374 68 30
375 68 30
376 67 29
377 67 29
378 68 30
379 68 30
380 67 29
381 68 30
382 68 30
383 67 29
384 67 29
385 67 29
386 67 29
387 67 29
388 67 29
389 68 30
390 68 30
391 68 30
392 67 29
393 67 29
394 67 29
395 67 29
396 67 29
397 67 29
398 67 29
399 67 29
400 67 29
401 67 29
402 67 29
403 67 29
404 67 29
405 67 29
406 66 28
407 67 29
408 66 28
409 66 28
410 66 28
411 66 28
412 66 28
413 66 28
414 66 28
415 66 28
416 65 27
417 66 28
418 65 27
419 65 27
420 63 25
421 63 25
422 63 25
423 64 26
424 118 80
425 63 25
426 63 25
427 160 122
428 207 169
429 276 238
430 275 237
431 282 244
432 293 255
433 296 258
434 295 257
435 293 255
436 292 254
437 289 251
438 288 250
439 292 254
440 296 258
441 299 261
442 297 259
451 231 193
452 234 196
453 237 199
454 240 202
455 242 204
456 245 207
457 248 210
458 251 213
459 253 215
460 256 218
461 258 220
462 260 222
463 263 225
464 266 228
465 267 229
466 270 232
467 273 235
468 277 239
469 279 241
470 280 242
471 282 244
472 286 248
473 288 250
474 291 253
475 294 256
476 297 259
477 298 260
478 301 263
479 303 265
480 306 268
481 307 269
482 308 270
483 308 270
484 310 272
485 311 273
486 312 274
487 313 275
488 314 276
489 315 277
490 314 276
491 315 277
492 316 278
493 316 278
494 318 280
495 318 280
496 319 281
497 320 282
498 321 283
499 322 284
500 324 286
501 326 288
502 328 290
503 329 291
504 331 293
505 333 295
506 335 297
507 337 299
508 339 301
509 341 303
510 344 306
511 346 308
512 348 310
513 350 312
514 353 315
515 355 317
516 357 319
517 359 321
518 362 324
519 364 326
520 366 328
521 368 330
522 371 333
523 371 333
524 375 337
525 376 338
526 377 339
527 380 342
528 383 345
529 384 346
530 386 348
531 389 351
532 390 352
533 390 352
534 392 354
535 392 354
536 391 353
537 391 353
538 391 353
539 388 350
540 385 347
541 384 346
542 350 312
543 324 286
544 294 256
545 291 253
546 285 247
547 285 247
548 284 246
549 282 244
550 281 243
551 281 243
552 279 241
553 276 238
554 275 237
555 276 238
556 277 239
557 277 239
558 276 238
559 277 239
560 278 240
561 278 240
562 279 241
563 280 242
564 282 244
565 283 245
566 285 247
567 287 249
568 289 251
569 289 251
570 291 253
571 292 254
572 292 254
573 294 256
574 296 258
575 297 259
576 297 259
577 297 259
578 298 260
579 299 261
580 300 262
581 301 263
582 303 265
583 304 266
584 306 268
585 307 269
586 308 270
587 309 271
588 310 272
589 311 273
590 313 275
591 314 276
592 315 277
593 317 279
594 318 280
595 320 282
596 322 284
597 323 285
598 324 286
599 326 288
600 327 289
601 328 290
602 329 291
603 330 292
604 330 292
605 330 292
606 331 293
607 331 293
608 331 293
609 332 294
610 333 295
611 333 295
612 333 295
613 334 296
614 334 296
615 334 296
616 334 296
617 334 296
618 333 295
619 333 295
620 333 295
621 333 295
622 333 295
623 333 295
624 334 296
625 333 295
626 334 296
627 333 295
628 333 295
629 333 295
630 333 295
631 333 295
632 333 295
633 333 295
634 332 294
635 333 295
636 333 295
637 332 294
638 332 294
639 332 294
37 52 15
38 53 16
39 54 17
40 55 18
41 55 18
42 56 19
43 57 20
44 57 20
45 58 21
46 58 21
47 59 22
48 60 23
49 60 23
50 61 24
51 62 25
52 62 25
53 63 26
54 64 27
55 65 28
56 66 29
57 66 29
58 67 30
59 68 31
60 69 32
61 69 32
62 70 33
63 71 34
64 72 35
65 73 36
66 74 37
67 75 38
68 76 39
69 76 39
70 77 40
71 78 41
72 78 41
73 80 43
74 81 44
75 82 45
76 83 46
77 83 46
78 84 47
79 85 48
80 86 49
81 86 49
82 87 50
83 88 51
84 89 52
85 90 53
86 90 53
87 91 54
88 92 55
89 93 56
90 93 56
91 94 57
92 95 58
93 96 59
94 96 59
95 96 59
96 96 59
97 96 59
98 96 59
99 94 57
100 93 56
101 95 58
102 95 58
103 93 56
104 94 57
105 91 54
106 90 53
107 90 53
108 89 52
109 88 51
110 91 54
111 90 53
112 89 52
113 89 52
114 90 53
115 89 52
116 88 51
117 89 52
118 87 50
119 88 51
166 150 113
167 147 110
168 144 107
169 142 105
170 140 103
171 138 101
172 136 99
173 136 99
199 146 109
200 141 104
201 137 100
202 133 96
203 129 92
204 125 88
205 121 84
206 118 81
207 116 79
208 113 76
209 110 73
210 108 71
211 107 70
212 113 76
213 124 87
214 145 108
215 143 106
216 141 104
217 138 101
294 64 27
295 66 29
296 66 29
297 66 29
298 66 29
299 66 29
300 65 28
301 66 29
302 66 29
303 66 29
304 67 30
305 66 29
306 66 29
307 66 29
308 66 29
309 67 30
310 67 30
311 67 30
312 68 31
313 67 30
314 67 30
315 67 30
316 67 30
317 67 30
318 67 30
319 67 30
320 67 30
321 67 30
322 67 30
323 67 30
324 67 30
325 67 30
326 67 30
327 67 30
328 67 30
329 67 30
330 67 30
331 67 30
332 67 30
333 67 30
334 67 30
335 67 30
336 66 29
337 66 29
338 66 29
339 67 30
340 67 30
341 67 30
342 67 30
343 67 30
344 67 30
345 66 29
346 66 29
347 66 29
348 67 30
349 67 30
350 66 29
351 66 29
352 66 29
353 67 30
354 67 30
355 67 30
356 67 30
357 66 29
358 66 29
359 66 29
360 67 30
361 67 30
362 67 30
363 66 29
364 66 29
365 66 29
366 66 29
367 66 29
368 66 29
369 66 29
370 66 29
371 66 29
372 66 29
373 66 29
374 66 29
375 66 29
376 66 29
377 66 29
378 67 30
379 66 29
380 66 29
381 66 29
382 66 29
383 66 29
384 66 29
385 66 29
386 66 29
387 66 29
388 66 29
389 66 29
390 66 29
391 65 28
392 66 29
393 66 29
394 66 29
395 66 29
396 66 29
397 65 28
398 65 28
399 65 28
400 66 29
401 66 29
402 65 28
403 65 28
404 65 28
405 65 28
406 65 28
407 65 28
408 64 27
409 64 27
410 64 27
411 64 27
412 64 27
413 65 28
414 65 28
415 65 28
416 65 28
417 65 28
418 65 28
419 64 27
420 63 26
421 62 25
422 62 25
423 62 25
424 127 90
425 64 27
426 64 27
427 189 152
428 230 193
429 275 238
430 279 242
431 286 249
432 297 260
433 296 259
434 294 257
435 293 256
436 291 254
437 289 252
438 287 250
439 293 256
440 296 259
441 299 262
442 298 261
451 232 195
452 235 198
453 238 201
454 240 203
455 242 205
456 245 208
457 248 211
458 250 213
459 253 216
460 256 219
461 258 221
462 260 223
463 262 225
464 266 229
465 267 230
466 271 234
467 274 237
468 276 239
469 279 242
470 281 244
471 283 246
472 286 249
473 288 251
474 291 254
475 294 257
476 297 260
477 298 261
478 301 264
479 303 266
480 305 268
481 307 270
482 309 272
483 309 272
484 310 273
485 311 274
486 313 276
487 314 277
488 315 278
489 315 278
490 315 278
491 316 279
492 316 279
493 317 280
494 318 281
495 319 282
496 320 283
497 321 284
498 322 285
499 323 286
500 325 288
501 327 290
502 329 292
503 330 293
504 331 294
505 333 296
506 336 299
507 338 301
508 340 303
509 342 305
510 345 308
511 346 309
512 349 312
513 351 314
514 353 316
515 356 319
516 358 321
517 360 323
518 363 326
519 364 327
520 367 330
521 369 332
522 371 334
523 373 336
524 374 337
525 377 340
526 379 342
527 380 343
528 384 347
529 385 348
530 386 349
531 388 351
532 390 353
533 392 355
534 391 354
535 392 355
536 393 356
537 392 355
538 391 354
539 389 352
540 387 350
541 384 347
542 349 312
543 317 280
544 295 258
545 289 252
546 285 248
547 284 247
548 282 245
549 283 246
550 282 245
551 280 243
552 279 242
553 277 240
554 276 239
555 276 239
556 276 239
557 276 239
558 277 240
559 277 240
560 278 241
561 279 242
562 279 242
563 280 243
564 282 245
565 283 246
566 285 248
567 287 250
568 288 251
569 290 253
570 291 254
571 291 254
572 293 256
573 294 257
574 296 259
575 297 260
576 297 260
577 297 260
578 299 262
579 300 263
580 300 263
581 302 265
582 303 266
583 304 267
584 305 268
585 307 270
586 309 272
587 310 273
588 310 273
589 311 274
590 313 276
591 314 277
592 316 279
593 317 280
594 318 281
595 320 283
596 322 285
597 323 286
598 325 288
599 326 289
600 328 291
601 329 292
602 330 293
603 330 293
604 331 294
605 331 294
606 332 295
607 332 295
608 333 296
609 333 296
610 333 296
611 334 297
612 334 297
613 334 297
614 335 298
615 335 298
616 335 298
617 335 298
618 334 297
619 334 297
620 334 297
621 334 297
622 334 297
623 334 297
624 334 297
625 334 297
626 334 297
627 334 297
628 334 297
629 334 297
630 333 296
631 333 296
632 333 296
633 333 296
634 333 296
635 333 296
636 333 296
637 333 296
638 333 296
639 333 296
38 53 16
39 54 17
40 54 17
41 55 18
42 56 19
43 57 20
44 57 20
45 58 21
46 58 21
47 59 22
48 60 23
49 60 23
50 61 24
51 62 25
52 63 26
53 63 26
54 64 27
55 65 28
56 66 29
57 66 29
58 67 30
59 68 31
60 69 32
61 69 32
62 70 33
63 71 34
64 72 35
65 73 36
66 74 37
67 75 38
68 76 39
69 76 39
70 77 40
71 78 41
72 79 42
73 80 43
74 81 44
75 82 45
76 83 46
77 83 46
78 84 47
79 85 48
80 86 49
81 86 49
82 87 50
83 89 52
84 89 52
85 90 53
86 90 53
87 91 54
88 92 55
89 93 56
90 93 56
91 94 57
92 95 58
93 96 59
94 96 59
95 96 59
96 96 59
97 95 58
98 95 58
99 93 56
100 93 56
101 93 56
102 94 57
103 93 56
104 93 56
105 92 55
106 90 53
107 90 53
108 91 54
109 92 55
110 92 55
111 90 53
112 92 55
113 91 54
114 91 54
115 91 54
116 89 52
117 91 54
118 86 49
166 151 114
167 148 111
168 145 108
169 144 107
170 141 104
171 138 101
172 138 101
173 134 97
174 125 88
198 152 115
199 147 110
200 142 105
201 138 101
202 134 97
203 129 92
204 126 89
205 122 85
206 119 82
207 116 79
208 115 78
209 112 75
210 109 72
211 107 70
212 111 74
213 120 83
214 144 107
215 143 106
216 143 106
217 140 103
295 64 27
296 66 29
297 66 29
298 66 29
299 66 29
300 66 29
301 67 30
302 67 30
303 68 31
304 67 30
305 67 30
306 67 30
307 67 30
308 67 30
309 67 30
310 67 30
311 67 30
312 67 30
313 67 30
314 67 30
315 68 31
316 68 31
317 68 31
318 68 31
319 67 30
320 67 30
321 67 30
322 68 31
323 67 30
324 67 30
325 67 30
326 67 30
327 68 31
328 67 30
329 67 30
330 67 30
331 67 30
332 67 30
333 67 30
334 67 30
335 67 30
336 67 30
337 67 30
338 67 30
339 67 30
340 67 30
341 67 30
342 67 30
343 67 30
344 66 29
345 67 30
346 67 30
347 67 30
348 67 30
349 66 29
350 67 30
351 67 30
352 67 30
353 67 30
354 67 30
355 67 30
356 67 30
357 67 30
358 67 30
359 67 30
360 67 30
361 67 30
362 67 30
363 67 30
364 67 30
365 67 30
366 67 30
367 67 30
368 67 30
369 66 29
370 66 29
371 67 30
372 67 30
373 67 30
374 67 30
375 67 30
376 67 30
377 67 30
378 66 29
379 66 29
380 66 29
381 66 29
382 66 29
383 66 29
384 66 29
385 66 29
386 66 29
387 66 29
388 66 29
389 66 29
390 66 29
391 67 30
392 66 29
393 66 29
394 66 29
395 66 29
396 66 29
397 66 29
398 66 29
399 66 29
400 66 29
401 66 29
402 66 29
403 66 29
404 66 29
405 66 29
406 66 29
407 65 28
408 66 29
409 66 29
410 66 29
411 66 29
412 66 29
413 66 29
414 65 28
415 65 28
416 64 27
417 65 28
418 65 28
419 64 27
420 64 27
421 62 25
422 62 25
423 63 26
424 145 108
425 62 25
426 78 41
427 210 173
428 252 215
429 273 236
430 281 244
431 293 256
432 298 261
433 297 260
434 295 258
435 293 256
436 291 254
437 289 252
438 288 251
439 294 257
440 297 260
441 300 263
442 298 261
451 232 195
452 235 198
453 238 201
454 240 203
455 242 205
456 246 209
457 248 211
458 251 214
459 253 216
460 256 219
461 258 221
462 261 224
463 264 227
464 266 229
465 269 232
466 272 235
467 274 237
468 277 240
469 280 243
470 281 244
471 283 246
472 286 249
473 289 252
474 291 254
475 294 257
476 297 260
477 298 261
478 301 264
479 304 267
480 306 269
481 308 271
482 308 271
483 309 272
484 311 274
485 312 275
486 313 276
487 314 277
488 315 278
489 316 279
490 316 279
491 316 279
492 317 280
493 317 280
494 319 282
495 319 282
496 320 283
497 321 284
498 322 285
499 324 287
500 325 288
501 327 290
502 329 292
503 330 293
504 332 295
505 333 296
506 336 299
507 338 301
508 340 303
509 342 305
510 345 308
511 347 310
512 349 312
513 351 314
514 354 317
515 356 319
516 358 321
517 361 324
518 363 326
519 365 328
520 368 331
521 369 332
522 371 334
523 373 336
524 375 338
525 377 340
526 379 342
527 381 344
528 384 347
529 385 348
530 387 350
531 388 351
532 390 353
533 391 354
534 392 355
535 392 355
536 393 356
537 392 355
538 391 354
539 390 353
540 387 350
541 383 346
542 352 315
543 322 285
544 296 259
545 291 254
546 288 251
547 286 249
548 284 247
549 284 247
550 283 246
551 281 244
552 278 241
553 277 240
554 275 238
555 276 239
556 277 240
557 277 240
558 277 240
559 278 241
560 279 242
561 279 242
562 280 243
563 280 243
564 282 245
565 284 247
566 286 249
567 288 251
568 289 252
569 290 253
570 291 254
571 292 255
572 293 256
573 295 258
574 295 258
575 297 260
576 298 261
577 298 261
578 299 262
579 300 263
580 301 264
581 302 265
582 304 267
583 304 267
584 306 269
585 308 271
586 309 272
587 310 273
588 311 274
589 311 274
590 313 276
591 315 278
592 316 279
593 317 280
594 319 282
595 320 283
596 322 285
597 323 286
598 325 288
599 327 290
600 328 291
601 329 292
602 330 293
603 331 294
604 332 295
605 332 295
606 332 295
607 332 295
608 333 296
609 333 296
610 334 297
611 334 297
612 335 298
613 335 298
614 335 298
615 335 298
616 335 298
617 335 298
618 335 298
619 335 298
620 334 297
621 335 298
622 335 298
623 335 298
624 335 298
625 334 297
626 335 298
627 334 297
628 334 297
629 334 297
630 334 297
631 334 297
632 334 297
633 334 297
634 334 297
635 334 297
636 334 297
637 333 296
638 333 296
639 333 296
39 54 17
40 54 17
41 55 18
42 56 19
43 57 20
44 57 20
45 58 21
46 58 21
47 59 22
48 60 23
49 61 24
50 61 24
51 63 26
52 63 26
53 63 26
54 64 27
55 65 28
56 66 29
57 66 29
58 67 30
59 68 31
60 69 32
61 70 33
62 70 33
63 71 34
64 72 35
65 73 36
66 74 37
67 74 37
68 75 38
69 76 39
70 77 40
71 78 41
72 79 42
73 80 43
74 81 44
75 82 45
76 82 45
77 83 46
78 84 47
79 85 48
80 86 49
81 86 49
82 87 50
83 89 52
84 89 52
85 90 53
86 90 53
87 91 54
88 92 55
89 93 56
90 94 57
91 95 58
92 95 58
93 96 59
94 96 59
95 96 59
96 97 60
97 95 58
98 95 58
99 94 57
100 94 57
101 96 59
102 94 57
103 92 55
104 93 56
105 92 55
106 90 53
107 87 50
108 90 53
109 91 54
110 91 54
111 90 53
112 92 55
113 91 54
114 91 54
115 90 53
116 90 53
117 89 52
118 88 51
165 153 116
166 151 114
167 148 111
168 145 108
169 143 106
170 139 102
171 138 101
172 138 101
173 134 97
199 147 110
200 142 105
201 137 100
202 133 96
203 129 92
204 126 89
205 123 86
206 118 81
207 117 80
208 113 76
209 111 74
210 109 72
211 106 69
212 113 76
213 121 84
214 143 106
215 145 108
216 141 104
217 139 102
218 136 99
294 63 26
295 66 29
296 66 29
297 66 29
298 66 29
299 66 29
300 66 29
301 66 29
302 66 29
303 66 29
304 67 30
305 67 30
306 68 31
307 67 30
308 67 30
309 67 30
310 67 30
311 68 31
312 68 31
313 67 30
314 67 30
315 67 30
316 68 31
317 68 31
318 68 31
319 68 31
320 68 31
321 67 30
322 67 30
323 67 30
324 67 30
325 68 31
326 68 31
327 68 31
328 67 30
329 67 30
330 67 30
331 67 30
332 67 30
333 67 30
334 67 30
335 67 30
336 66 29
337 66 29
338 66 29
339 67 30
340 67 30
341 67 30
342 67 30
343 67 30
344 66 29
345 66 29
346 66 29
347 66 29
348 66 29
349 67 30
350 67 30
351 67 30
352 67 30
353 67 30
354 67 30
355 67 30
356 67 30
357 67 30
358 67 30
359 67 30
360 67 30
361 67 30
362 67 30
363 67 30
364 66 29
365 66 29
366 66 29
367 66 29
368 66 29
369 66 29
370 66 29
371 66 29
372 66 29
373 66 29
374 66 29
375 66 29
376 66 29
377 66 29
378 66 29
379 66 29
380 66 29
381 67 30
382 67 30
383 67 30
384 66 29
385 66 29
386 66 29
387 66 29
388 66 29
389 67 30
390 67 30
391 66 29
392 66 29
393 66 29
394 66 29
395 66 29
396 65 28
397 65 28
398 66 29
399 66 29
400 66 29
401 66 29
402 66 29
403 66 29
404 66 29
405 66 29
406 66 29
407 66 29
408 65 28
409 65 28
410 65 28
411 65 28
412 65 28
413 65 28
414 65 28
415 65 28
416 62 25
417 62 25
418 63 26
419 62 25
420 63 26
421 64 27
422 64 27
423 63 26
424 110 73
425 62 25
426 79 42
427 170 133
428 260 223
429 288 251
430 292 255
431 293 256
432 297 260
433 296 259
434 294 257
435 293 256
436 291 254
437 289 252
438 287 250
439 294 257
440 297 260
441 297 260
442 298 261
451 231 194
452 235 198
453 237 200
454 240 203
455 242 205
456 245 208
457 248 211
458 251 214
459 253 216
460 256 219
461 258 221
462 260 223
463 263 226
464 266 229
465 267 230
466 271 234
467 274 237
468 277 240
469 279 242
470 282 245
471 282 245
472 286 249
473 289 252
474 291 254
475 294 257
476 296 259
477 298 261
478 301 264
479 303 266
480 306 269
481 307 270
482 308 271
483 309 272
484 310 273
485 312 275
486 313 276
487 314 277
488 315 278
489 315 278
490 315 278
491 315 278
492 316 279
493 317 280
494 318 281
495 319 282
496 320 283
497 320 283
498 322 285
499 323 286
500 325 288
501 327 290
502 329 292
503 329 292
504 331 294
505 333 296
506 335 298
507 338 301
508 340 303
509 342 305
510 345 308
511 346 309
512 349 312
513 351 314
514 354 317
515 356 319
516 358 321
517 360 323
518 363 326
519 364 327
520 367 330
521 368 331
522 371 334
523 373 336
524 375 338
525 377 340
526 378 341
527 381 344
528 384 347
529 385 348
530 387 350
531 388 351
532 390 353
533 391 354
534 392 355
535 392 355
536 392 355
537 392 355
538 391 354
539 388 351
540 386 349
541 384 347
542 351 314
543 327 290
544 296 259
545 290 253
546 287 250
547 285 248
548 283 246
549 282 245
550 281 244
551 280 243
552 279 242
553 278 241
554 276 239
555 276 239
556 276 239
557 276 239
558 276 239
559 277 240
560 278 241
561 279 242
562 281 244
563 281 244
564 282 245
565 283 246
566 285 248
567 287 250
568 290 253
569 290 253
570 291 254
571 292 255
572 293 256
573 294 257
574 295 258
575 296 259
576 297 260
577 297 260
578 298 261
579 300 263
580 301 264
581 302 265
582 304 267
583 304 267
584 306 269
585 307 270
586 308 271
587 309 272
588 310 273
589 311 274
590 313 276
591 314 277
592 315 278
593 316 279
594 318 281
595 320 283
596 322 285
597 323 286
598 325 288
599 326 289
600 327 290
601 328 291
602 329 292
603 330 293
604 331 294
605 331 294
606 332 295
607 332 295
608 332 295
609 333 296
610 333 296
611 334 297
612 334 297
613 334 297
614 335 298
615 334 297
616 335 298
617 334 297
618 334 297
619 334 297
620 334 297
621 334 297
622 334 297
623 334 297
624 334 297
625 334 297
626 334 297
627 334 297
628 334 297
629 334 297
630 333 296
631 333 296
632 333 296
633 333 296
634 333 296
635 333 296
636 333 296
637 333 296
638 333 296
639 332 295
40 55 17
41 55 17
42 56 18
43 56 18
44 57 19
45 58 20
46 59 21
47 59 21
48 60 22
49 61 23
50 61 23
51 62 24
52 63 25
53 63 25
54 64 26
55 65 27
56 66 28
57 66 28
58 67 29
59 68 30
60 69 31
61 70 32
62 70 32
63 72 34
64 72 34
65 73 35
66 74 36
67 75 37
68 76 38
69 76 38
70 78 40
71 78 40
72 79 41
73 80 42
74 81 43
75 82 44
76 82 44
77 83 45
78 84 46
79 85 47
80 86 48
81 86 48
82 87 49
83 89 51
84 89 51
85 90 52
86 91 53
87 91 53
88 92 54
89 93 55
90 94 56
91 94 56
92 95 57
93 96 58
94 96 58
95 97 59
96 97 59
97 98 60
98 96 58
99 95 57
100 95 57
101 95 57
102 94 56
103 93 55
104 93 55
105 92 54
106 90 52
107 91 53
108 90 52
109 89 51
110 91 53
111 90 52
112 94 56
113 91 53
114 90 52
115 90 52
116 89 51
117 87 49
118 87 49
166 151 113
167 149 111
168 146 108
169 144 106
170 141 103
171 139 101
172 137 99
173 136 98
199 148 110
200 143 105
201 139 101
202 134 96
203 130 92
204 126 88
205 123 85
206 119 81
207 118 80
208 114 76
209 112 74
210 111 73
211 107 69
212 113 75
213 121 83
214 144 106
215 144 106
216 143 105
217 139 101
295 66 28
296 67 29
297 67 29
298 68 30
299 66 28
300 66 28
301 66 28
302 67 29
303 67 29
304 66 28
305 66 28
306 67 29
307 67 29
308 67 29
309 67 29
310 67 29
311 68 30
312 67 29
313 68 30
314 68 30
315 68 30
316 67 29
317 67 29
318 68 30
319 68 30
320 67 29
321 67 29
322 68 30
323 67 29
324 67 29
325 67 29
326 68 30
327 68 30
328 67 29
329 67 29
330 67 29
331 68 30
332 67 29
333 68 30
334 67 29
335 67 29
336 67 29
337 67 29
338 67 29
339 67 29
340 66 28
341 66 28
342 66 28
343 67 29
344 67 29
345 67 29
346 67 29
347 67 29
348 67 29
349 67 29
350 67 29
351 66 28
352 68 30
353 67 29
354 67 29
355 67 29
356 67 29
357 67 29
358 67 29
359 67 29
360 67 29
361 67 29
362 68 30
363 68 30
364 67 29
365 67 29
366 67 29
367 67 29
368 67 29
369 66 28
370 67 29
371 67 29
372 67 29
373 67 29
374 67 29
375 67 29
376 66 28
377 66 28
378 67 29
379 67 29
380 67 29
381 66 28
382 66 28
383 66 28
384 66 28
385 66 28
386 66 28
387 66 28
388 66 28
389 66 28
390 66 28
391 66 28
392 66 28
393 66 28
394 66 28
395 66 28
396 66 28
397 66 28
398 66 28
399 66 28
400 66 28
401 66 28
402 66 28
403 66 28
404 66 28
405 65 27
406 65 27
407 65 27
408 65 27
409 65 27
410 65 27
411 65 27
412 65 27
413 66 28
414 65 27
415 64 26
416 63 25
417 64 26
418 64 26
419 64 26
420 64 26
421 63 25
422 63 25
423 81 43
424 157 119
425 204 166
426 271 233
427 278 240
428 286 248
429 300 262
430 301 263
431 300 262
432 298 260
433 295 257
434 293 255
435 292 254
436 291 253
437 288 250
438 292 254
442 293 255
443 292 254
451 232 194
452 235 197
453 238 200
454 240 202
455 242 204
456 246 208
457 248 210
458 251 213
459 253 215
460 256 218
461 258 220
462 260 222
463 263 225
464 266 228
465 267 229
466 269 231
467 274 236
468 276 238
469 279 241
470 281 243
471 283 245
472 286 248
473 287 249
474 291 253
475 294 256
476 297 259
477 298 260
478 301 263
479 303 265
480 306 268
481 307 269
482 308 270
483 309 271
484 310 272
485 312 274
486 313 275
487 314 276
488 315 277
489 315 277
490 315 277
491 316 278
492 317 279
493 317 279
494 318 280
495 319 281
496 320 282
497 321 283
498 322 284
499 323 285
500 325 287
501 327 289
502 329 291
503 329 291
504 331 293
505 333 295
506 335 297
507 338 300
508 340 302
509 342 304
510 345 307
511 347 309
512 349 311
513 351 313
514 353 315
515 356 318
516 358 320
517 360 322
518 363 325
519 364 326
520 367 329
521 369 331
522 371 333
523 373 335
524 374 336
525 377 339
526 379 341
527 380 342
528 384 346
529 385 347
530 387 349
531 389 351
532 389 351
533 391 353
534 392 354
535 392 354
536 394 356
537 392 354
538 390 352
539 389 351
540 389 351
541 385 347
542 350 312
543 329 291
544 300 262
545 290 252
546 288 250
547 284 246
548 282 244
549 282 244
550 282 244
551 280 242
552 279 241
553 277 239
554 275 237
555 276 238
556 277 239
557 277 239
558 277 239
559 277 239
560 278 240
561 279 241
562 281 243
563 281 243
564 282 244
565 283 245
566 285 247
567 288 250
568 290 252
569 289 251
570 291 253
571 291 253
572 292 254
573 294 256
574 295 257
575 297 259
576 298 260
577 297 259
578 298 260
579 299 261
580 300 262
581 302 264
582 304 266
583 304 266
584 305 267
585 308 270
586 308 270
587 309 271
588 310 272
589 311 273
590 313 275
591 314 276
592 315 277
593 317 279
594 318 280
595 320 282
596 322 284
597 323 285
598 325 287
599 326 288
600 327 289
601 328 290
602 330 292
603 330 292
604 331 293
605 331 293
606 332 294
607 332 294
608 332 294
609 333 295
610 333 295
611 333 295
612 334 296
613 334 296
614 335 297
615 335 297
616 335 297
617 335 297
618 334 296
619 334 296
620 334 296
621 334 296
622 334 296
623 334 296
624 334 296
625 334 296
626 334 296
627 334 296
628 334 296
629 334 296
630 333 295
631 333 295
632 333 295
633 333 295
634 333 295
635 333 295
636 333 295
637 333 295
638 333 295
639 333 295
39 52 16
40 53 17
41 54 18
42 55 19
43 55 19
44 56 20
45 56 20
46 57 21
47 58 22
48 59 23
49 59 23
50 60 24
51 61 25
52 62 26
53 62 26
54 63 27
55 63 27
56 65 29
57 66 30
58 66 30
59 67 31
60 68 32
61 68 32
62 69 33
63 70 34
64 71 35
65 71 35
66 73 37
67 74 38
68 74 38
69 75 39
70 76 40
71 77 41
72 77 41
73 78 42
74 80 44
75 80 44
76 81 45
77 82 46
78 83 47
79 84 48
80 84 48
81 85 49
82 86 50
83 87 51
84 88 52
85 89 53
86 90 54
87 90 54
88 91 55
89 92 56
90 93 57
91 94 58
92 94 58
93 95 59
94 96 60
95 96 60
96 96 60
97 96 60
98 97 61
99 95 59
100 94 58
101 96 60
102 96 60
103 93 57
104 92 56
105 92 56
106 92 56
107 92 56
108 91 55
109 90 54
110 91 55
111 92 56
112 91 55
113 90 54
114 89 53
115 91 55
116 90 54
117 90 54
118 91 55
119 91 55
120 89 53
167 153 117
168 150 114
169 148 112
170 145 109
171 143 107
172 140 104
173 138 102
174 135 99
175 133 97
200 149 113
201 144 108
202 139 103
203 135 99
204 132 96
205 127 91
206 124 88
207 120 84
208 117 81
209 116 80
210 112 76
211 110 74
212 108 72
213 108 72
214 121 85
215 144 108
216 145 109
217 141 105
218 140 104
296 70 34
297 69 33
298 67 31
299 67 31
300 67 31
301 67 31
302 67 31
303 69 33
304 68 32
305 67 31
306 67 31
307 67 31
308 68 32
309 67 31
310 67 31
311 67 31
312 67 31
313 68 32
314 68 32
315 68 32
316 68 32
317 68 32
318 68 32
319 68 32
320 69 33
321 69 33
322 68 32
323 68 32
324 67 31
325 67 31
326 68 32
327 68 32
328 68 32
329 67 31
330 68 32
331 68 32
332 68 32
333 68 32
334 68 32
335 68 32
336 68 32
337 68 32
338 68 32
339 67 31
340 68 32
341 68 32
342 68 32
343 67 31
344 67 31
345 68 32
346 67 31
347 68 32
348 68 32
349 67 31
350 67 31
351 67 31
352 67 31
353 67 31
354 67 31
355 67 31
356 67 31
357 67 31
358 67 31
359 67 31
360 67 31
361 67 31
362 67 31
363 67 31
364 67 31
365 67 31
366 67 31
367 68 32
368 67 31
369 67 31
370 67 31
371 67 31
372 67 31
373 67 31
374 67 31
375 68 32
376 67 31
377 67 31
378 66 30
379 66 30
380 67 31
381 68 32
382 67 31
383 66 30
384 67 31
385 67 31
386 67 31
387 67 31
388 67 31
389 67 31
390 67 31
391 67 31
392 67 31
393 67 31
394 67 31
395 67 31
396 67 31
397 67 31
398 67 31
399 67 31
400 67 31
401 66 30
402 66 30
403 66 30
404 66 30
405 66 30
406 66 30
407 66 30
408 67 31
409 67 31
410 66 30
411 66 30
412 65 29
413 66 30
414 65 29
415 65 29
416 63 27
417 62 26
418 63 27
419 64 28
420 64 28
421 65 29
422 64 28
423 64 28
424 61 25
425 193 157
426 260 224
427 285 249
428 313 277
429 308 272
430 309 273
431 305 269
432 304 268
433 301 265
434 299 263
435 296 260
436 294 258
437 294 258
438 290 254
439 300 264
445 299 263
446 286 250
452 233 197
453 236 200
454 238 202
455 241 205
456 244 208
457 246 210
458 249 213
459 251 215
460 255 219
461 257 221
462 259 223
463 262 226
464 265 229
465 267 231
466 269 233
467 273 237
468 276 240
469 278 242
470 280 244
471 282 246
472 285 249
473 287 251
474 290 254
475 293 257
476 296 260
477 298 262
478 300 264
479 302 266
480 304 268
481 306 270
482 308 272
483 310 274
484 311 275
485 311 275
486 313 277
487 314 278
488 315 279
489 316 280
490 316 280
491 317 281
492 317 281
493 317 281
494 319 283
495 319 283
496 320 284
497 321 285
498 322 286
499 323 287
500 325 289
501 326 290
502 328 292
503 330 294
504 331 295
505 332 296
506 335 299
507 337 301
508 339 303
509 341 305
510 343 307
511 345 309
512 348 312
513 350 314
514 353 317
515 354 318
516 357 321
517 359 323
518 362 326
519 363 327
520 366 330
521 368 332
522 371 335
523 373 337
524 375 339
525 376 340
526 379 343
527 380 344
528 383 347
529 384 348
530 387 351
531 389 353
532 390 354
533 391 355
534 392 356
535 392 356
536 394 358
537 392 356
538 394 358
539 394 358
540 392 356
541 390 354
542 386 350
543 359 323
544 309 273
545 297 261
546 286 250
547 280 244
548 280 244
549 281 245
550 282 246
551 279 243
552 279 243
553 276 240
554 275 239
555 275 239
556 276 240
557 277 241
558 275 239
559 277 241
560 277 241
561 279 243
562 280 244
563 281 245
564 281 245
565 282 246
566 284 248
567 285 249
568 288 252
569 289 253
570 291 255
571 291 255
572 293 257
573 294 258
574 295 259
575 297 261
576 298 262
577 298 262
578 298 262
579 299 263
580 300 264
581 301 265
582 303 267
583 305 269
584 305 269
585 306 270
586 308 272
587 309 273
588 311 275
589 311 275
590 313 277
591 314 278
592 316 280
593 317 281
594 318 282
595 320 284
596 322 286
597 323 287
598 325 289
599 326 290
600 327 291
601 329 293
602 330 294
603 331 295
604 332 296
605 332 296
606 332 296
607 333 297
608 333 297
609 333 297
610 334 298
611 334 298
612 335 299
613 335 299
614 335 299
615 336 300
616 336 300
617 336 300
618 335 299
619 336 300
620 335 299
621 336 300
622 335 299
623 335 299
624 335 299
625 335 299
626 335 299
627 335 299
628 335 299
629 335 299
630 335 299
631 335 299
632 334 298
633 334 298
634 334 298
635 334 298
636 335 299
637 334 298
638 334 298
639 334 298
37 52 16
38 52 16
39 52 16
40 54 18
41 54 18
42 55 19
43 56 20
44 56 20
45 57 21
46 58 22
47 58 22
48 59 23
49 60 24
50 61 25
51 61 25
52 62 26
53 63 27
54 64 28
55 64 28
56 65 29
57 66 30
58 66 30
59 67 31
60 68 32
61 69 33
62 70 34
63 70 34
64 71 35
65 72 36
66 73 37
67 74 38
68 75 39
69 76 40
70 76 40
71 77 41
72 78 42
73 79 43
74 80 44
75 81 45
76 82 46
77 83 47
78 84 48
79 84 48
80 85 49
81 86 50
82 87 51
83 88 52
84 88 52
85 89 53
86 90 54
87 90 54
88 91 55
89 92 56
90 93 57
91 94 58
92 95 59
93 95 59
94 96 60
95 96 60
96 97 61
97 97 61
98 96 60
99 95 59
100 94 58
101 95 59
102 94 58
103 94 58
104 93 57
105 92 56
106 94 58
107 93 57
108 91 55
109 89 53
110 89 53
111 90 54
112 91 55
113 90 54
114 90 54
115 90 54
116 89 53
117 90 54
118 89 53
119 84 48
120 87 51
166 153 117
167 150 114
168 147 111
169 145 109
170 142 106
171 140 104
172 138 102
173 137 101
174 137 101
200 145 109
201 140 104
202 137 101
203 133 97
204 129 93
205 125 89
206 121 85
207 118 82
208 116 80
209 114 78
210 107 71
211 110 74
212 108 72
213 115 79
214 133 97
215 144 108
216 144 108
217 141 105
295 71 35
296 68 32
297 65 29
298 65 29
299 68 32
300 68 32
301 66 30
302 66 30
303 67 31
304 67 31
305 67 31
306 67 31
307 67 31
308 67 31
309 67 31
310 67 31
311 66 30
312 68 32
313 68 32
314 67 31
315 67 31
316 67 31
317 68 32
318 68 32
319 68 32
320 68 32
321 67 31
322 67 31
323 67 31
324 67 31
325 67 31
326 67 31
327 67 31
328 67 31
329 67 31
330 68 32
331 68 32
332 68 32
333 67 31
334 67 31
335 67 31
336 66 30
337 66 30
338 67 31
339 67 31
340 67 31
341 67 31
342 66 30
343 66 30
344 67 31
345 67 31
346 66 30
347 66 30
348 66 30
349 67 31
350 66 30
351 66 30
352 67 31
353 67 31
354 67 31
355 67 31
356 66 30
357 66 30
358 66 30
359 66 30
360 67 31
361 67 31
362 67 31
363 66 30
364 66 30
365 66 30
366 66 30
367 66 30
368 68 32
369 67 31
370 67 31
371 67 31
372 67 31
373 67 31
374 66 30
375 66 30
376 66 30
377 66 30
378 67 31
379 67 31
380 66 30
381 66 30
382 66 30
383 67 31
384 67 31
385 66 30
386 66 30
387 66 30
388 66 30
389 66 30
390 66 30
391 67 31
392 66 30
393 66 30
394 66 30
395 66 30
396 66 30
397 66 30
398 66 30
399 67 31
400 65 29
401 65 29
402 65 29
403 65 29
404 65 29
405 65 29
406 66 30
407 66 30
408 64 28
409 63 27
410 65 29
411 64 28
412 65 29
413 66 30
414 66 30
415 66 30
416 64 28
417 63 27
418 63 27
419 63 27
420 64 28
421 62 26
422 62 26
423 64 28
424 131 95
425 212 176
426 247 211
427 307 271
428 308 272
429 307 271
430 305 269
431 304 268
432 301 265
433 299 263
434 297 261
435 295 259
436 293 257
437 293 257
438 287 251
439 319 283
444 296 260
445 284 248
452 234 198
453 236 200
454 239 203
455 241 205
456 244 208
457 246 210
458 250 214
459 252 216
460 255 219
461 257 221
462 260 224
463 263 227
464 266 230
465 268 232
466 269 233
467 271 235
468 276 240
469 278 242
470 281 245
471 283 247
472 285 249
473 287 251
474 290 254
475 293 257
476 296 260
477 297 261
478 300 264
479 303 267
480 305 269
481 307 271
482 309 273
483 310 274
484 311 275
485 312 276
486 313 277
487 314 278
488 315 279
489 316 280
490 317 281
491 317 281
492 317 281
493 318 282
494 319 283
495 320 284
496 321 285
497 321 285
498 322 286
499 323 287
500 325 289
501 327 291
502 329 293
503 331 295
504 331 295
505 333 297
506 335 299
507 337 301
508 340 304
509 342 306
510 344 308
511 346 310
512 349 313
513 351 315
514 353 317
515 355 319
516 358 322
517 360 324
518 363 327
519 364 328
520 367 331
521 369 333
522 371 335
523 373 337
524 375 339
525 377 341
526 379 343
527 381 345
528 384 348
529 385 349
530 388 352
531 389 353
532 392 356
533 391 355
534 394 358
535 392 356
536 394 358
537 394 358
538 394 358
539 393 357
540 392 356
541 391 355
542 386 350
543 348 312
544 307 271
545 292 256
546 286 250
547 284 248
548 278 242
549 282 246
550 283 247
551 280 244
552 278 242
553 276 240
554 274 238
555 276 240
556 276 240
557 276 240
558 276 240
559 276 240
560 277 241
561 278 242
562 279 243
563 280 244
564 281 245
565 283 247
566 285 249
567 286 250
568 288 252
569 289 253
570 290 254
571 291 255
572 292 256
573 293 257
574 295 259
575 297 261
576 298 262
577 297 261
578 297 261
579 299 263
580 301 265
581 301 265
582 303 267
583 304 268
584 306 270
585 307 271
586 308 272
587 309 273
588 310 274
589 311 275
590 313 277
591 314 278
592 316 280
593 316 280
594 318 282
595 320 284
596 321 285
597 323 287
598 325 289
599 326 290
600 327 291
601 329 293
602 330 294
603 331 295
604 332 296
605 332 296
606 332 296
607 333 297
608 333 297
609 333 297
610 334 298
611 334 298
612 335 299
613 335 299
614 336 300
615 336 300
616 336 300
617 335 299
618 335 299
619 335 299
620 335 299
621 335 299
622 335 299
623 335 299
624 335 299
625 335 299
626 335 299
627 335 299
628 335 299
629 335 299
630 335 299
631 335 299
632 334 298
633 334 298
634 334 298
635 334 298
636 334 298
637 334 298
638 334 298
639 333 297
